Name;Price;URL
Fogao De Mesa 4 Bocas A Gas Realce Apolo Acendimento Manual Branco;273.48;https://www.carrefour.com.br/fogao-de-mesa-4-bocas-a-gas-realce-apolo-acendimento-manual-branco-mp937836279/p
Fogao 4b Realce Ares S/acend - 9601;1010.61;https://www.carrefour.com.br/fogao-4b-realce-ares-sacend-9601-mp921110336/p
Fogão De Piso 5 Bocas Ares Glass Realce;1049.99;https://www.carrefour.com.br/fogao-de-piso-5-bocas-ares-glass-realce-mp936103808/p
Fogão Ares Glass 4 Bocas Com Forno 50 Litros Realce;829;https://www.carrefour.com.br/fogao-ares-glass-4-bocas-com-forno-50-litros-realce-mp936689218/p
Fogão Ares Glass 5 Bocas Com Forno 94 Litros Realce;1019;https://www.carrefour.com.br/fogao-ares-glass-5-bocas-com-forno-94-litros-realce-mp936689214/p
Fogão Ares Glass 5 Bocas Com Forno 94 Litros Realce;1029;https://www.carrefour.com.br/fogao-ares-glass-5-bocas-com-forno-94-litros-realce-mp936689208/p
Fogão Ares Glass 4 Bocas Com Forno 50 Litros Realce;829;https://www.carrefour.com.br/fogao-ares-glass-4-bocas-com-forno-50-litros-realce-mp936689163/p
Fogão De Piso 4 Bocas Ares Glass Realce;829.99;https://www.carrefour.com.br/fogao-de-piso-4-bocas-ares-glass-realce-mp936104994/p
Fogão De Piso 4 Bocas Ares Glass Realce;829.99;https://www.carrefour.com.br/fogao-de-piso-4-bocas-ares-glass-realce-mp936103389/p
Fogão Ares Glass 5 Bocas Branco - Realce;1281;https://www.carrefour.com.br/fogao-ares-glass-5-bocas-branco-realce-mp935466070/p
Fogão Glass 4 Bocas Ares Branco / Bivolt Realce;1023;https://www.carrefour.com.br/fogao-glass-4-bocas-ares-branco-bivolt-realce-mp935415404/p
Fogão Glass 5 Bocas Ares Preto / Bivolt Realce;1281;https://www.carrefour.com.br/fogao-glass-5-bocas-ares-preto-bivolt-realce-mp935415170/p
Fogão Glass 4 Bocas Ares Preto / Bivolt Realce;1023;https://www.carrefour.com.br/fogao-glass-4-bocas-ares-preto-bivolt-realce-mp935413907/p
Fogão De Piso 5 Bocas Ares Glass Realce Branco;1111;https://www.carrefour.com.br/fogao-de-piso-5-bocas-ares-glass-realce-branco-mp936104694/p
Fogão 4 Bocas A Gás Realce Ares  Acendimento Manual Preto;597;https://www.carrefour.com.br/fogao-4-bocas-a-gas-realce-ares-acendimento-manual-preto-mp930870282/p
Fogao De Mesa 4 Bocas A Gas Realce Apolo Acendimento Manual Branco;273.48;https://www.carrefour.com.br/fogao-de-mesa-4-bocas-a-gas-realce-apolo-acendimento-manual-branco-mp937836279/p
Fogao 4b Realce Ares S/acend - 9601;1010.61;https://www.carrefour.com.br/fogao-4b-realce-ares-sacend-9601-mp921110336/p
Fogão De Piso 5 Bocas Ares Glass Realce;1049.99;https://www.carrefour.com.br/fogao-de-piso-5-bocas-ares-glass-realce-mp936103808/p
Fogão Ares Glass 4 Bocas Com Forno 50 Litros Realce;829;https://www.carrefour.com.br/fogao-ares-glass-4-bocas-com-forno-50-litros-realce-mp936689218/p
Fogão Ares Glass 5 Bocas Com Forno 94 Litros Realce;1019;https://www.carrefour.com.br/fogao-ares-glass-5-bocas-com-forno-94-litros-realce-mp936689214/p
Fogão Ares Glass 5 Bocas Com Forno 94 Litros Realce;1029;https://www.carrefour.com.br/fogao-ares-glass-5-bocas-com-forno-94-litros-realce-mp936689208/p
Fogão Ares Glass 4 Bocas Com Forno 50 Litros Realce;829;https://www.carrefour.com.br/fogao-ares-glass-4-bocas-com-forno-50-litros-realce-mp936689163/p
Fogão De Piso 4 Bocas Ares Glass Realce;829.99;https://www.carrefour.com.br/fogao-de-piso-4-bocas-ares-glass-realce-mp936104994/p
Fogão De Piso 4 Bocas Ares Glass Realce;829.99;https://www.carrefour.com.br/fogao-de-piso-4-bocas-ares-glass-realce-mp936103389/p
Fogão Ares Glass 5 Bocas Branco - Realce;1281;https://www.carrefour.com.br/fogao-ares-glass-5-bocas-branco-realce-mp935466070/p
Fogão Glass 4 Bocas Ares Branco / Bivolt Realce;1023;https://www.carrefour.com.br/fogao-glass-4-bocas-ares-branco-bivolt-realce-mp935415404/p
Fogão Glass 5 Bocas Ares Preto / Bivolt Realce;1281;https://www.carrefour.com.br/fogao-glass-5-bocas-ares-preto-bivolt-realce-mp935415170/p
Fogão Glass 4 Bocas Ares Preto / Bivolt Realce;1023;https://www.carrefour.com.br/fogao-glass-4-bocas-ares-preto-bivolt-realce-mp935413907/p
Fogão De Piso 5 Bocas Ares Glass Realce Branco;1111;https://www.carrefour.com.br/fogao-de-piso-5-bocas-ares-glass-realce-branco-mp936104694/p
Fogão 4 Bocas A Gás Realce Ares  Acendimento Manual Preto;597;https://www.carrefour.com.br/fogao-4-bocas-a-gas-realce-ares-acendimento-manual-preto-mp930870282/p
FOGAO DE EMBUTIR VENAX GAUDI PRISM  4 BOCAS A GAS INOX;856.71;https://www.carrefour.com.br/fogao-de-embutir-venax-gaudi-prism-4-bocas-a-gas-inox-mp929770214/p
Fogao Cooktop Itatiaia Essencial 5 Bocas;424;https://www.carrefour.com.br/fogao-cooktop-itatiaia-essencial-5-bocas-mp930390099/p
Fogao A Gas De Embutir 5 Bocas Venax Picasso Line Preto;1069;https://www.carrefour.com.br/fogao-a-gas-de-embutir-5-bocas-venax-picasso-line-preto-mp934478078/p
Fogao De Embutir 4 Bocas Venax Gaudi Prisma Vitreo Bl Grafite Gas Glp;879;https://www.carrefour.com.br/fogao-de-embutir-4-bocas-venax-gaudi-prisma-vitreo-bl-grafite-gas-glp-mp931423604/p
Fogao A Gas De Embutir 4 Bocas Venax Picasso Line Preto;863;https://www.carrefour.com.br/fogao-a-gas-de-embutir-4-bocas-venax-picasso-line-preto-mp934478069/p
Fogao Portatil 2 Bocas Venax Mini Cook Gas Glp Preto Fosco;527.31;https://www.carrefour.com.br/fogao-portatil-2-bocas-venax-mini-cook-gas-glp-preto-fosco-mp933254677/p
Fogao 5 Bocas Atlas Agile Up Glass Com Mesa De Vidro E Acendimento Automatico Preto Bivolt;1399;https://www.carrefour.com.br/fogao-5-bocas-atlas-agile-up-glass-com-mesa-de-vidro-e-acendimento-automatico-preto-bivolt-mp930970977/p
Fogao 4 Bocas Atlas Agile Up Glass Com Mesa De Vidro E Acendimento Automatico Preto Bivolt;969;https://www.carrefour.com.br/fogao-4-bocas-atlas-agile-up-glass-com-mesa-de-vidro-e-acendimento-automatico-preto-bivolt-mp930970868/p
FOGAO A GAS DE EMBUTIR 4 BOCAS VENAX GAUDI PRISMA VITREO BL BRANCO GAS GLP;1139;https://www.carrefour.com.br/fogao-a-gas-de-embutir-4-bocas-venax-gaudi-prisma-vitreo-bl-branco-gas-glp-mp928220255/p
Fogao Cooktop Itatiaia Essencial 5 Bocas;435;https://www.carrefour.com.br/fogao-cooktop-itatiaia-essencial-5-bocas-mp930933856/p
Fogao Cooktop Inducao 1b Agratto Acki01i-02 2000w Preto 220v;221;https://www.carrefour.com.br/fogao-cooktop-inducao-1b-agratto-acki01i02-2000w-preto-220v-mp935815947/p
Fogao A Gas De Embutir 4 Bocas Venax Gaudi Platinum Vitreo Inox 127v;1250;https://www.carrefour.com.br/fogao-a-gas-de-embutir-4-bocas-venax-gaudi-platinum-vitreo-inox-127v-mp934050799/p
Fogao A Gas De Embutir 4 Bocas Venax Gaudi Line Inox;1517;https://www.carrefour.com.br/fogao-a-gas-de-embutir-4-bocas-venax-gaudi-line-inox-mp936255571/p
Fogao A Gas De Embutir Gaudi Prisma Vitreo Bl 4q Branco Gas Glp;1093;https://www.carrefour.com.br/fogao-a-gas-de-embutir-gaudi-prisma-vitreo-bl-4q-branco-gas-glp-mp930064207/p
Fogao A Gas 2 Bocas Venax Mini Cook Preto;656;https://www.carrefour.com.br/fogao-a-gas-2-bocas-venax-mini-cook-preto-mp934050619/p
Cooktop a Gás Philco 4 Bocas Preto Cook Chef Bivolt;399;https://www.carrefour.com.br/cooktop-a-gas-philco-4-bocas-preto-cook-chef-bivolt-5174929/p
Cooktop a Gás Philco 5 Bocas Preto Cook Chef 5 Bivolt;449;https://www.carrefour.com.br/cooktop-a-gas-philco-5-bocas-preto-cook-chef-5-bivolt-5174937/p
Cooktop 4 Bocas Chamalux Automático Preto Plus 599 Bivolt;299;https://www.carrefour.com.br/cooktop-4-bocas-chamalux-automatico-preto-plus-599-bivolt-5742919/p
Cooktop Itatiaia 4 Bocas Preto Electra Bivolt;399;https://www.carrefour.com.br/cooktop-itatiaia-4-bocas-preto-electra-bivolt-3204847/p
Cooktop de Indução Philco 4 Bocas 220V;1399;https://www.carrefour.com.br/cooktop-de-inducao-philco-4-bocas-220v-3456293/p
Cooktop 5 Bocas Itatiaia Preto Essencial Bivolt;599;https://www.carrefour.com.br/cooktop-5-bocas-itatiaia-preto-essencial-bivolt-3204936/p
Cooktop a Gás Consul 5 Bocas Facilite CD075 Preto;549;https://www.carrefour.com.br/cooktop-a-gas-consul-5-bocas-facilite-cd075-preto-9889183/p
Cooktop a Gás Consul 4 Bocas Preto Facilite CD060 Bivolt;479;https://www.carrefour.com.br/cooktop-a-gas-consul-4-bocas-preto-facilite-cd060-bivolt-9322086/p
Cooktop de Indução 4 Zonas Unicook Preto Electrolux (IE80P) 220V;2799;https://www.carrefour.com.br/cooktop-de-inducao-4-zonas-unicook-preto-electrolux-ie80p-220v-mp23043166/p
Cooktop a Gás Brastemp 5 Bocas Preto BDD85AE Bivolt;799;https://www.carrefour.com.br/cooktop-a-gas-brastemp-5-bocas-preto-bdd85ae-bivolt-9889175/p
Cooktop Itatiaia 5 Bocas Essencial Preto - Bivolt;418.42;https://www.carrefour.com.br/cooktop-itatiaia-5-bocas-essencial-preto-bivolt-mp932821992/p
Cooktop Itatiaia 4 Bocas Essencial Preto - Bivolt;398;https://www.carrefour.com.br/cooktop-itatiaia-4-bocas-essencial-preto-bivolt-mp927783190/p
Cooktop 5 Bocas Itatiaia Preto TC Essencial Bivolt;459;https://www.carrefour.com.br/cooktop-5-bocas-itatiaia-preto-tc-essencial-bivolt-3204928/p
Cooktop 5 Bocas Chama Tripla Philco a Gás Preto Cook Chef 5 TC Bivolt;624.27;https://www.carrefour.com.br/cooktop-5-bocas-chama-tripla-philco-a-gas-preto-cook-chef-5-tc-bivolt-5508754/p
Cooktop 2 Bocas Philco de Indução Preto PCT02P 220V;849;https://www.carrefour.com.br/cooktop-2-bocas-philco-de-inducao-preto-pct02p-220v-6160492/p
Biofresh Adultos Light Raças Grandes E Gigantes 15kg;369;https://www.carrefour.com.br/biofresh-adultos-light-racas-grandes-e-gigantes-15kg-mp930251366/p
Racao Granplus Menu Senior 15Kg;279.78;https://www.carrefour.com.br/racao-granplus-menu-senior-15kg-mv28778027/p
Vinho Gato Negro Merlot Tinto Meio Seco Chileno 750ml;57;https://www.carrefour.com.br/vinho-gato-negro-merlot-tinto-meio-seco-chileno-750ml-mp936457400/p
GranPlus Gatos Adultos Castrados Sabor Salmão e Arroz - 10Kg;154.99;https://www.carrefour.com.br/granplus-gatos-adultos-castrados-sabor-salmao-e-arroz-10kg-mp19384768/p
Vinho Chileno Gato Negro Cabernet Sauvignon Tinto Seco 750ml;39.73;https://www.carrefour.com.br/vinho-chileno-gato-negro-cabernet-sauvignon-tinto-seco-750ml-mp933170594/p
Racao Pedigree Adulto Carne Nutricao Essencial 15kg;143.41;https://www.carrefour.com.br/racao-pedigree-adulto-carne-nutricao-essencial-15kg-mp936979584/p
Racao Para Cachorro Junior Rac Pequena Special Dog Prime 3kg;90.99;https://www.carrefour.com.br/racao-para-cachorro-junior-rac-pequena-special-dog-prime-3kg-mp930251930/p
Racao Barata Turbo Dog 15kg Sem Corantes Artificiais;71.76;https://www.carrefour.com.br/racao-barata-turbo-dog-15kg-sem-corantes-artificiais-mp921826649/p
Vinho Gato Negro 9 Lives Reserva Cabernet Sauvignon 750ml;109.12;https://www.carrefour.com.br/vinho-gato-negro-9-lives-reserva-cabernet-sauvignon-750ml-mp937725373/p
Racao Cachorro Senior Porte Mini/peq Fórmula Nat Life 15kg;381.98;https://www.carrefour.com.br/racao-cachorro-senior-porte-minipeq-formula-nat-life-15kg-mp923798004/p
Racao Granplus Menu Filhote Carne Arroz 15kg;142.91;https://www.carrefour.com.br/racao-granplus-menu-filhote-carne-arroz-15kg-mp933756016/p
Golden Gatos Seleção Natural Castrados Frango Abóbora 1kg;26.78;https://www.carrefour.com.br/golden-gatos-selecao-natural-castrados-frango-abobora-1kg-mp924965595/p
Whiskas Gatos Adultos Carne 10,1 Kg;205.99;https://www.carrefour.com.br/whiskas-gatos-adultos-carne-101-kg-mp930252167/p
Gato Geométrico Poligonal Dourado 60x38cm Em Madeira Mdf;95.81;https://www.carrefour.com.br/gato-geometrico-poligonal-dourado-60x38cm-em-madeira-mdf-mp928814995/p
Banheira Galzerano Dobrável Bebê Plástica Premium 7005gr - Grafite;506;https://www.carrefour.com.br/banheira-galzerano-dobravel-bebe-plastica-premium-7005gr-grafite-mp932710640/p
empty;0;https://www.carrefour.com.br/busca/RACAO%20SOMA%20DEGUSTE%20GATOS%20FILHOTES%20
Carrinho De Bebe Galzerano 1017 Milano Reversivel Ii Travel System;895.55;https://www.carrefour.com.br/carrinho-de-bebe-galzerano-1017-milano-reversivel-ii-travel-system-mp937802781/p
Carrinho De Bebe Galzerano 1017 Milano Reversivel Ii Travel System;840.79;https://www.carrefour.com.br/carrinho-de-bebe-galzerano-1017-milano-reversivel-ii-travel-system-mp937802789/p
Carrinho De Bebe Galzerano 1017 Milano Reversivel Ii Travel System;1250;https://www.carrefour.com.br/carrinho-de-bebe-galzerano-1017-milano-reversivel-ii-travel-system-mp937803405/p
Carrinho De Bebe Galzerano 1017 Milano Reversivel Ii Travel System;1250;https://www.carrefour.com.br/carrinho-de-bebe-galzerano-1017-milano-reversivel-ii-travel-system-mp937803593/p
Carrinho De Bebe Galzerano 1035 Romano;498.57;https://www.carrefour.com.br/carrinho-de-bebe-galzerano-1035-romano-mp937822562/p
Carrinho De Bebe Galzerano 1035 Romano;498.57;https://www.carrefour.com.br/carrinho-de-bebe-galzerano-1035-romano-mp937822510/p
Carrinho De Bebe Galzerano 1035 Romano;790;https://www.carrefour.com.br/carrinho-de-bebe-galzerano-1035-romano-mp937822836/p
Carrinho De Bebe Galzerano 1035 Romano;790;https://www.carrefour.com.br/carrinho-de-bebe-galzerano-1035-romano-mp937822852/p
Carrinho De Bebê Para Passeio Galzerano Romano 1035 De 0 Meses Até 15kg Preto Com Cobre;718;https://www.carrefour.com.br/carrinho-de-bebe-para-passeio-galzerano-romano-1035-de-0-meses-ate-15kg-preto-com-cobre-mp930091613/p
Carrinho De Bebê Passeio Galzerano Romano 1035 De 0 Meses Até 15kg Preto Com Cobre;618.25;https://www.carrefour.com.br/carrinho-de-bebe-passeio-galzerano-romano-1035-de-0-meses-ate-15kg-preto-com-cobre-mp939209645/p
Carrinho De Bebê Para Passeio Galzerano Romano 1035 De 0 Meses Até 15kg Preto Com Rosa U;618.25;https://www.carrefour.com.br/carrinho-de-bebe-para-passeio-galzerano-romano-1035-de-0-meses-ate-15kg-preto-com-rosa-u-mp940179308/p
Carrinho De Bebê Para Passeio Galzerano Romano 1035 De 0 Meses Até 15kg Preto Com Rosa;718;https://www.carrefour.com.br/carrinho-de-bebe-para-passeio-galzerano-romano-1035-de-0-meses-ate-15kg-preto-com-rosa-mp933133404/p
Carrinho De Bebê Passeio Galzerano Romano 1035 De 0 Meses Até 15kg Preto Com Cobre;718;https://www.carrefour.com.br/carrinho-de-bebe-passeio-galzerano-romano-1035-de-0-meses-ate-15kg-preto-com-cobre-mp940047539/p
empty;0;https://www.carrefour.com.br/busca/CARRINHO%20DE%20BEBE%20GALZERANO%201440%20OLYMPUS
Fogao De Mesa 4 Bocas A Gas Realce Apolo Acendimento Manual Branco;273.48;https://www.carrefour.com.br/fogao-de-mesa-4-bocas-a-gas-realce-apolo-acendimento-manual-branco-mp937836279/p
Fogao 4b Realce Ares S/acend - 9601;1010.61;https://www.carrefour.com.br/fogao-4b-realce-ares-sacend-9601-mp921110336/p
Fogão De Piso 5 Bocas Ares Glass Realce;1049.99;https://www.carrefour.com.br/fogao-de-piso-5-bocas-ares-glass-realce-mp936103808/p
Fogão Ares Glass 4 Bocas Com Forno 50 Litros Realce;829;https://www.carrefour.com.br/fogao-ares-glass-4-bocas-com-forno-50-litros-realce-mp936689218/p
Fogão Ares Glass 5 Bocas Com Forno 94 Litros Realce;1019;https://www.carrefour.com.br/fogao-ares-glass-5-bocas-com-forno-94-litros-realce-mp936689214/p
Fogão Ares Glass 5 Bocas Com Forno 94 Litros Realce;1029;https://www.carrefour.com.br/fogao-ares-glass-5-bocas-com-forno-94-litros-realce-mp936689208/p
Fogão Ares Glass 4 Bocas Com Forno 50 Litros Realce;829;https://www.carrefour.com.br/fogao-ares-glass-4-bocas-com-forno-50-litros-realce-mp936689163/p
Fogão De Piso 4 Bocas Ares Glass Realce;829.99;https://www.carrefour.com.br/fogao-de-piso-4-bocas-ares-glass-realce-mp936104994/p
Fogão De Piso 4 Bocas Ares Glass Realce;829.99;https://www.carrefour.com.br/fogao-de-piso-4-bocas-ares-glass-realce-mp936103389/p
Fogão Ares Glass 5 Bocas Branco - Realce;1281;https://www.carrefour.com.br/fogao-ares-glass-5-bocas-branco-realce-mp935466070/p
Fogão Glass 4 Bocas Ares Branco / Bivolt Realce;1023;https://www.carrefour.com.br/fogao-glass-4-bocas-ares-branco-bivolt-realce-mp935415404/p
Fogão Glass 5 Bocas Ares Preto / Bivolt Realce;1281;https://www.carrefour.com.br/fogao-glass-5-bocas-ares-preto-bivolt-realce-mp935415170/p
Fogão Glass 4 Bocas Ares Preto / Bivolt Realce;1023;https://www.carrefour.com.br/fogao-glass-4-bocas-ares-preto-bivolt-realce-mp935413907/p
Fogão De Piso 5 Bocas Ares Glass Realce Branco;1111;https://www.carrefour.com.br/fogao-de-piso-5-bocas-ares-glass-realce-branco-mp936104694/p
Fogão 4 Bocas A Gás Realce Ares  Acendimento Manual Preto;597;https://www.carrefour.com.br/fogao-4-bocas-a-gas-realce-ares-acendimento-manual-preto-mp930870282/p
Carrinho De Bebe Galzerano 1035 Romano;498.57;https://www.carrefour.com.br/carrinho-de-bebe-galzerano-1035-romano-mp937822562/p
Carrinho De Bebe Galzerano 1035 Romano;498.57;https://www.carrefour.com.br/carrinho-de-bebe-galzerano-1035-romano-mp937822510/p
Carrinho De Bebe Galzerano 1035 Romano;790;https://www.carrefour.com.br/carrinho-de-bebe-galzerano-1035-romano-mp937822836/p
Carrinho De Bebe Galzerano 1035 Romano;790;https://www.carrefour.com.br/carrinho-de-bebe-galzerano-1035-romano-mp937822852/p
Carrinho De Bebê Para Passeio Galzerano Romano 1035 De 0 Meses Até 15kg Preto Com Cobre;718;https://www.carrefour.com.br/carrinho-de-bebe-para-passeio-galzerano-romano-1035-de-0-meses-ate-15kg-preto-com-cobre-mp930091613/p
Carrinho De Bebê Passeio Galzerano Romano 1035 De 0 Meses Até 15kg Preto Com Cobre;618.25;https://www.carrefour.com.br/carrinho-de-bebe-passeio-galzerano-romano-1035-de-0-meses-ate-15kg-preto-com-cobre-mp939209645/p
Carrinho De Bebê Para Passeio Galzerano Romano 1035 De 0 Meses Até 15kg Preto Com Rosa U;618.25;https://www.carrefour.com.br/carrinho-de-bebe-para-passeio-galzerano-romano-1035-de-0-meses-ate-15kg-preto-com-rosa-u-mp940179308/p
Carrinho De Bebê Para Passeio Galzerano Romano 1035 De 0 Meses Até 15kg Preto Com Rosa;718;https://www.carrefour.com.br/carrinho-de-bebe-para-passeio-galzerano-romano-1035-de-0-meses-ate-15kg-preto-com-rosa-mp933133404/p
Carrinho De Bebê Passeio Galzerano Romano 1035 De 0 Meses Até 15kg Preto Com Cobre;718;https://www.carrefour.com.br/carrinho-de-bebe-passeio-galzerano-romano-1035-de-0-meses-ate-15kg-preto-com-cobre-mp940047539/p
Fogao De Mesa 4 Bocas A Gas Realce Apolo Acendimento Manual Branco;273.48;https://www.carrefour.com.br/fogao-de-mesa-4-bocas-a-gas-realce-apolo-acendimento-manual-branco-mp937836279/p
Fogao 4b Realce Ares S/acend - 9601;1010.61;https://www.carrefour.com.br/fogao-4b-realce-ares-sacend-9601-mp921110336/p
Fogão Hera Plus 5 Bocas Branco - Realce;1109;https://www.carrefour.com.br/fogao-hera-plus-5-bocas-branco-realce-mp935465917/p
Fogão Hera Plus 5 Bocas Com Forno 94 Litros Realce;949;https://www.carrefour.com.br/fogao-hera-plus-5-bocas-com-forno-94-litros-realce-mp936688523/p
Fogão Hera Plus 5 Bocas Com Forno 94 Litros Realce;949;https://www.carrefour.com.br/fogao-hera-plus-5-bocas-com-forno-94-litros-realce-mp936687478/p
Fogão Hera Plus 5 Bocas Preto - Realce;1023;https://www.carrefour.com.br/fogao-hera-plus-5-bocas-preto-realce-mp935465922/p
Fogão Hera Plus 5 Bocas Branco - Realce;1109;https://www.carrefour.com.br/fogao-hera-plus-5-bocas-branco-realce-mp935465931/p
Fogão 4 Bocas A Gás Realce Ares  Acendimento Manual Preto;597;https://www.carrefour.com.br/fogao-4-bocas-a-gas-realce-ares-acendimento-manual-preto-mp930870282/p
Fogão De Piso 5 Bocas Ares Glass Realce;1049.99;https://www.carrefour.com.br/fogao-de-piso-5-bocas-ares-glass-realce-mp936103808/p
Fogão 4 Bocas A Gás Realce Ares  Acendimento Manual Branco;597;https://www.carrefour.com.br/fogao-4-bocas-a-gas-realce-ares-acendimento-manual-branco-mp930870378/p
Fogão Cooktop Atalanta 4 Bocas Realce;399;https://www.carrefour.com.br/fogao-cooktop-atalanta-4-bocas-realce-mp936689058/p
Fogão 5 Bocas A Gás Acendimento Automático Realce Bivolt Cr211 Branco;1869.92;https://www.carrefour.com.br/fogao-5-bocas-a-gas-acendimento-automatico-realce-bivolt-cr211-branco-mp933447972/p
Fogão 4 Bocas Apolo Branco / Manual Realce;282.94;https://www.carrefour.com.br/fogao-4-bocas-apolo-branco-manual-realce-mp935414589/p
Fogão 4 Bocas A Gás Acendimento Automático Realce Glass Bivolt Cr206 Branco Branco 127/220;1375.91;https://www.carrefour.com.br/fogao-4-bocas-a-gas-acendimento-automatico-realce-glass-bivolt-cr206-branco-branco-127220-mp933452755/p
Fogão 5 Bocas A Gás Acendimento Automático Realce Glass Bivolt Cr212 Branco Branco 127/220;2184.31;https://www.carrefour.com.br/fogao-5-bocas-a-gas-acendimento-automatico-realce-glass-bivolt-cr212-branco-branco-127220-mp933452646/p
Banheira Galzerano Dobrável Bebê Plástica Premium 7005gr - Grafite;506;https://www.carrefour.com.br/banheira-galzerano-dobravel-bebe-plastica-premium-7005gr-grafite-mp932710640/p
Bebedouro Resfriador De Coluna Industrial Ra020 200l Frisbel;3899;https://www.carrefour.com.br/bebedouro-resfriador-de-coluna-industrial-ra020-200l-frisbel-mp936814495/p
Bebedouro Resfriador De Coluna Industrial Ra020 200l Frisbel;3899;https://www.carrefour.com.br/bebedouro-resfriador-de-coluna-industrial-ra020-200l-frisbel-mp936814431/p
Fogao De Mesa 4 Bocas A Gas Realce Apolo Acendimento Manual Branco;273.48;https://www.carrefour.com.br/fogao-de-mesa-4-bocas-a-gas-realce-apolo-acendimento-manual-branco-mp937836279/p
Mesa De Centro Apolo Em Corda Náutica Rami E Alumínio Preto - Marrom;276.92;https://www.carrefour.com.br/mesa-de-centro-apolo-em-corda-nautica-rami-e-aluminio-preto-marrom-mp934169675/p
Mesa De Centro Apolo Em Corda Náutica Verde E Alumínio Champagne - Verde;276.92;https://www.carrefour.com.br/mesa-de-centro-apolo-em-corda-nautica-verde-e-aluminio-champagne-verde-mp934169772/p
Mesa Escritório Com Mini Estante Apolo Preto Canela;570.02;https://www.carrefour.com.br/mesa-escritorio-com-mini-estante-apolo-preto-canela-mp929309388/p
Mesa De Centro Apolo Em Corda Náutica Rami E Alumínio Champagne - Marrom;276.92;https://www.carrefour.com.br/mesa-de-centro-apolo-em-corda-nautica-rami-e-aluminio-champagne-marrom-mp934776438/p
Mesa Industrial Apolo Madeira Maciça Taúri De Marchetaria 2,20 Com Ferragem Preta Preto;2222;https://www.carrefour.com.br/mesa-industrial-apolo-madeira-macica-tauri-de-marchetaria-220-com-ferragem-preta-preto-mp935778746/p
Mesa Industrial Apolo Madeira Maciça Taúri De Marchetaria 1,50 Com Ferragem Preta Preto;1209.44;https://www.carrefour.com.br/mesa-industrial-apolo-madeira-macica-tauri-de-marchetaria-150-com-ferragem-preta-preto-mp935778537/p
Mesa Industrial Apolo Madeira Maciça Taúri De Marchetaria 2,00 Com Ferragem Preta Preto;1950.39;https://www.carrefour.com.br/mesa-industrial-apolo-madeira-macica-tauri-de-marchetaria-200-com-ferragem-preta-preto-mp935780152/p
Mesa Industrial Apolo Madeira Maciça Taúri De Marchetaria 2,50 Com Ferragem Preta Preto;2584.89;https://www.carrefour.com.br/mesa-industrial-apolo-madeira-macica-tauri-de-marchetaria-250-com-ferragem-preta-preto-mp935779078/p
Mesa De Centro Apolo Em Corda Náutica Verde E Alumínio Preto - Verde;276.92;https://www.carrefour.com.br/mesa-de-centro-apolo-em-corda-nautica-verde-e-aluminio-preto-verde-mp934777214/p
Mesa De Centro Apolo Em Corda Náutica Preta E Alumínio Champagne - Preto;276.92;https://www.carrefour.com.br/mesa-de-centro-apolo-em-corda-nautica-preta-e-aluminio-champagne-preto-mp934169657/p
Mesa De Centro Apolo Em Corda Náutica Preta E Alumínio Preto - Preto;276.92;https://www.carrefour.com.br/mesa-de-centro-apolo-em-corda-nautica-preta-e-aluminio-preto-preto-mp934169743/p
Mesa De Cabeceira 2 Gavetas Apolo  Edez;499.99;https://www.carrefour.com.br/mesa-de-cabeceira-2-gavetas-apolo-edez-mp933401485/p
Mesa De Cabeceira 2 Gavetas Apolo  Edez;559.99;https://www.carrefour.com.br/mesa-de-cabeceira-2-gavetas-apolo-edez-mp933401349/p
Mesa De Cabeceira Apolo - Branco;318;https://www.carrefour.com.br/mesa-de-cabeceira-apolo-branco-mp933630151/p
empty;0;https://www.carrefour.com.br/busca/BIC%20ATHOR%20ARO%2020%20EVOLUTION%20MTB%20S/M
Gift Card Digital Airbnb 500;500;https://www.carrefour.com.br/gift-card-digital-airbnb-500-505164411567/p
Kit 4 Pneus Aro 15 185/65R15 Westlake 88H Z108 CR65772;991.24;https://www.carrefour.com.br/kit-4-pneus-aro-15-18565r15-westlake-88h-z108-cr65772-b2-4-5187478/p
Kit 2 Pneus Westlake 185 65r15 Z108 88h Cr65772;516;https://www.carrefour.com.br/kit-2-pneus-westlake-185-65r15-z108-88h-cr65772-b2-2-5187478/p
"Smartphone Motorola Moto G04s 128GB Grafite Tela 6,6&quot; Câmera 50MP Selfie 5MP Dual Chip Android 14";709.99;https://www.carrefour.com.br/smartphone-motorola-moto-g04s-128gb-grafite-tela-66-camera-50mp-selfie-5mp-dual-chip-android-14-3439720/p
"Smartphone Samsung Galaxy A05s 128GB Preto 4G 6,7&quot; 6GB  RAM Câmera Dupla 50MP Selfie 13MP Dual Chip Android 14";729.99;https://www.carrefour.com.br/smartphone-samsung-galaxy-a05s-128gb-preto-4g-67-6gb-ram-camera-dupla-50mp-selfie-13mp-dual-chip-android-14-3365140/p
Máquina de Lavar Brastemp 13Kg BWK13AB Branca 110V;1899;https://www.carrefour.com.br/maquina-de-lavar-brastemp-13kg-bwk13ab-branca-110v-3239829/p
Gift Card Digital Airbnb 150;150;https://www.carrefour.com.br/gift-card-digital-airbnb-150-505164411565/p
Kit 4 Pneus Aro 14 175/75R14 Westlake;970;https://www.carrefour.com.br/kit-4-pneus-aro-14-175-75r14-westlake-b2-4-5814154/p
Instalação - 4 Pneus + Alinhamento + Balanceamento;269;https://www.carrefour.com.br/instalacao_troca_de_pneus_4_pneus_instapn4/p
Uber 50BRL eGift;50;https://www.carrefour.com.br/uber_50brl_egift/p
empty;0;https://www.carrefour.com.br/busca/ARMARIO%20MGM%20IRIS%2044%20CM%20C/%20ESPELHEIRA
Bebê Conforto Drc Grid Galzerano 8184;399;https://www.carrefour.com.br/bebe-conforto-drc-grid-galzerano-8184-mp932708573/p
Bebê Conforto Drc Grid Galzerano 8184;399;https://www.carrefour.com.br/bebe-conforto-drc-grid-galzerano-8184-mp932708360/p
Bebê Conforto Drc Grid Galzerano 8184;399;https://www.carrefour.com.br/bebe-conforto-drc-grid-galzerano-8184-mp932708633/p
Carrinho Bebe Conforto Base Ninho Burigotto Ecco Mon Amour;1654;https://www.carrefour.com.br/carrinho-bebe-conforto-base-ninho-burigotto-ecco-mon-amour-mp932001847/p
Carrinho de Bebe Bebe Conforto Base Burigotto Ecco Preto Bronze;1303.28;https://www.carrefour.com.br/carrinho-de-bebe-bebe-conforto-base-burigotto-ecco-preto-bronze-mp908355628/p
Carrinho De Bebe Travel System Ecco Com Bebê Conforto Touring X Burigotto;1199;https://www.carrefour.com.br/carrinho-de-bebe-travel-system-ecco-com-bebe-conforto-touring-x-burigotto-mp934695190/p
Carrinho de Bebe Passeio Burigotto Ecco Preto Bronze;831;https://www.carrefour.com.br/carrinho-de-bebe-passeio-burigotto-ecco-preto-bronze-mp908802679/p
Carrinho De Bebe + Bebê Conforto  Burigotto - Ecco Cinza Bege;1158.08;https://www.carrefour.com.br/carrinho-de-bebe-bebe-conforto-burigotto-ecco-cinza-bege-mp934728017/p
Carrinho Bebe Conforto Touring X Base Ninho Ecco Cinza Azul - Burigotto;1654;https://www.carrefour.com.br/carrinho-bebe-conforto-touring-x-base-ninho-ecco-cinza-azul-burigotto-mp935080740/p
Carrinho De Bebe Burigotto Ecco Com Bebe Conforto Cz Rosa;1158.08;https://www.carrefour.com.br/carrinho-de-bebe-burigotto-ecco-com-bebe-conforto-cz-rosa-mp924001258/p
Carrinho de Bebe Bebe Conforto Base e Ninho Burigotto Ecco Cinza Vermelho;1654;https://www.carrefour.com.br/carrinho-de-bebe-bebe-conforto-base-e-ninho-burigotto-ecco-cinza-vermelho-mp908355643/p
Carrinho De Bebe E Bebê Conforto Ecco Cinza Bege - Burigotto;1158.08;https://www.carrefour.com.br/carrinho-de-bebe-e-bebe-conforto-ecco-cinza-bege-burigotto-mp934728197/p
Carrinho De Bebe Para Passeio Até 15kg Travel System Ecco Burigotto Preto Cobre;1158.08;https://www.carrefour.com.br/carrinho-de-bebe-para-passeio-ate-15kg-travel-system-ecco-burigotto-preto-cobre-mp934717380/p
Carrinho Bebe Conforto Touring + X Base + Ninho Ecco Cz Azul - Burigotto;1654;https://www.carrefour.com.br/carrinho-bebe-conforto-touring-x-base-ninho-ecco-cz-azul-burigotto-mp934907420/p
Carrinho De Bebe Burigotto Ecco Com Ninho Moisés Cz Rosa;1182.72;https://www.carrefour.com.br/carrinho-de-bebe-burigotto-ecco-com-ninho-moises-cz-rosa-mp924313886/p
Carrinho de Bebe Passeio Burigotto Ecco Cinza Azul;831;https://www.carrefour.com.br/carrinho-de-bebe-passeio-burigotto-ecco-cinza-azul-mp908355648/p
Carrinho de Bebe Bebe Conforto e Ninho Burigotto Ecco Cinza Vermelho;1509;https://www.carrefour.com.br/carrinho-de-bebe-bebe-conforto-e-ninho-burigotto-ecco-cinza-vermelho-mp908355639/p
Carrinho De Bebe Para Passeio Burigotto Cinza Vermelho Ecco;831;https://www.carrefour.com.br/carrinho-de-bebe-para-passeio-burigotto-cinza-vermelho-ecco-mp935076487/p
Triturador de Alimentos InSinkErator Evolution 100 2.0 - 110V 434N;3549;https://www.carrefour.com.br/triturador-de-alimentos-insinkerator-evolution-100-2-0-110v-434n-mp02835272/p
Triturador de Alimentos InSinkErator Evolution 200 2.0 - 220V 436N;4749;https://www.carrefour.com.br/triturador-de-alimentos-insinkerator-evolution-200-2-0-220v-436n-mp02835274/p
Triturador Moedor De Grãos Pimenta Café Tempero Castanha 127;63.65;https://www.carrefour.com.br/triturador-moedor-de-graos-pimenta-cafe-tempero-castanha-127-mp933873400/p
Triturador De Alimentos Versia Expert 1.25 Hp – 220v;3984;https://www.carrefour.com.br/triturador-de-alimentos-versia-expert-125-hp-220v-mp934722922/p
Triturador Manual 3 Lâminas Para Alimentos, Alho, Legumes;42;https://www.carrefour.com.br/triturador-manual-3-laminas-para-alimentos-alho-legumes-mp936373163/p
Triturador Alimentos Carne Legumes Elétrico 2l Aço Inox 220v;146.89;https://www.carrefour.com.br/triturador-alimentos-carne-legumes-eletrico-2l-aco-inox-220v-mp936972642/p
Triturador De Alimentos 220V 13884 Franke;1094.43;https://www.carrefour.com.br/triturador-de-alimentos-220v-13884-franke-mv23436032/p
Triturador Moedor Eletrico Carne Grãos Multifuncional 3 Lts;142.83;https://www.carrefour.com.br/triturador-moedor-eletrico-carne-graos-multifuncional-3-lts-mp934110754/p
Triturador De Alimentos Insinkerator M46 - 220v;1529.56;https://www.carrefour.com.br/triturador-de-alimentos-insinkerator-m46-220v-mp930649701/p
Triturador Alho Eletrico Cortador De Legumes Processador;44.57;https://www.carrefour.com.br/triturador-alho-eletrico-cortador-de-legumes-processador-mp929888188/p
Triturador Elétrico De Condimentos Moedor Café Grãos;64.84;https://www.carrefour.com.br/triturador-eletrico-de-condimentos-moedor-cafe-graos-mp933873396/p
Triturador E Moedor Manual Alho Cebola Temperos Fruta 500ml;44.12;https://www.carrefour.com.br/triturador-e-moedor-manual-alho-cebola-temperos-fruta-500ml-mp936967499/p
Triturador Cortador Alho Cebola Processador Alimentos Manual;35.47;https://www.carrefour.com.br/triturador-cortador-alho-cebola-processador-alimentos-manual-mp929083713/p
Triturador Cortador Alho Cebola Processador Alimentos Manual;31.93;https://www.carrefour.com.br/triturador-cortador-alho-cebola-processador-alimentos-manual-mp929083732/p
Triturador Elétrico 2l Para Carne E Alho, Potente, 110v;295.87;https://www.carrefour.com.br/triturador-eletrico-2l-para-carne-e-alho-potente-110v-mp938515365/p
Banheira De Bebê Galzerano Plástica Standard Ii 7080 Dino;403;https://www.carrefour.com.br/banheira-de-bebe-galzerano-plastica-standard-ii-7080-dino-mp929507218/p
Banheira De Bebê Galzerano Plástica Standard Ii 7080 Dino;347.35;https://www.carrefour.com.br/banheira-de-bebe-galzerano-plastica-standard-ii-7080-dino-mp939162704/p
Banheira Desmontável Galzerano Standard 7080 Branco;275.19;https://www.carrefour.com.br/banheira-desmontavel-galzerano-standard-7080-branco-mp934203786/p
Triturador de Alimentos InSinkErator Evolution 100 2.0 - 110V 434N;3549;https://www.carrefour.com.br/triturador-de-alimentos-insinkerator-evolution-100-2-0-110v-434n-mp02835272/p
Triturador de Alimentos InSinkErator Evolution 200 2.0 - 220V 436N;4749;https://www.carrefour.com.br/triturador-de-alimentos-insinkerator-evolution-200-2-0-220v-436n-mp02835274/p
Triturador Moedor De Grãos Pimenta Café Tempero Castanha 127;63.65;https://www.carrefour.com.br/triturador-moedor-de-graos-pimenta-cafe-tempero-castanha-127-mp933873400/p
Triturador De Alimentos Versia Expert 1.25 Hp – 220v;3984;https://www.carrefour.com.br/triturador-de-alimentos-versia-expert-125-hp-220v-mp934722922/p
Triturador Manual 3 Lâminas Para Alimentos, Alho, Legumes;42;https://www.carrefour.com.br/triturador-manual-3-laminas-para-alimentos-alho-legumes-mp936373163/p
Triturador Alimentos Carne Legumes Elétrico 2l Aço Inox 220v;146.89;https://www.carrefour.com.br/triturador-alimentos-carne-legumes-eletrico-2l-aco-inox-220v-mp936972642/p
Triturador De Alimentos 220V 13884 Franke;1094.43;https://www.carrefour.com.br/triturador-de-alimentos-220v-13884-franke-mv23436032/p
Triturador Moedor Eletrico Carne Grãos Multifuncional 3 Lts;142.83;https://www.carrefour.com.br/triturador-moedor-eletrico-carne-graos-multifuncional-3-lts-mp934110754/p
Triturador De Alimentos Insinkerator M46 - 220v;1529.56;https://www.carrefour.com.br/triturador-de-alimentos-insinkerator-m46-220v-mp930649701/p
Triturador Alho Eletrico Cortador De Legumes Processador;44.57;https://www.carrefour.com.br/triturador-alho-eletrico-cortador-de-legumes-processador-mp929888188/p
Triturador Elétrico De Condimentos Moedor Café Grãos;64.84;https://www.carrefour.com.br/triturador-eletrico-de-condimentos-moedor-cafe-graos-mp933873396/p
Triturador E Moedor Manual Alho Cebola Temperos Fruta 500ml;44.12;https://www.carrefour.com.br/triturador-e-moedor-manual-alho-cebola-temperos-fruta-500ml-mp936967499/p
Triturador Cortador Alho Cebola Processador Alimentos Manual;35.47;https://www.carrefour.com.br/triturador-cortador-alho-cebola-processador-alimentos-manual-mp929083713/p
Triturador Cortador Alho Cebola Processador Alimentos Manual;31.93;https://www.carrefour.com.br/triturador-cortador-alho-cebola-processador-alimentos-manual-mp929083732/p
Triturador Elétrico 2l Para Carne E Alho, Potente, 110v;295.87;https://www.carrefour.com.br/triturador-eletrico-2l-para-carne-e-alho-potente-110v-mp938515365/p
Carrinho de Bebê Galzerano Olympus Grafite 0 a 15kg - 1440GR;1259;https://www.carrefour.com.br/carrinho-de-bebe-galzerano-olympus-grafite-0-a-15kg-1440gr-mp19783857/p
Purificador De Água De Mesa Colormaq Cpuhfba1 Com Compressor Branco;600.68;https://www.carrefour.com.br/purificador-de-agua-de-mesa-colormaq-cpuhfba1-com-compressor-branco-mp930308936/p
Purificador de Agua Colormaq Premium Compressor Cpuhfba1;799;https://www.carrefour.com.br/purificador-de-agua-colormaq-premium-compressor-cpuhfba1-mp908854820/p
Purificador De Água De Mesa Colormaq Cpuhfba1 Com Compressor Branco;639.44;https://www.carrefour.com.br/purificador-de-agua-de-mesa-colormaq-cpuhfba1-com-compressor-branco-mp930309191/p
Purificador De Água Premium Compressor 127v + Jarra Acrílica;701.87;https://www.carrefour.com.br/purificador-de-agua-premium-compressor-127v-jarra-acrilica-mp926041483/p
Fogao Braslar 4 Bcs Sirius 2023 Preto;576.11;https://www.carrefour.com.br/fogao-braslar-4-bcs-sirius-2023-preto-mp935933379/p
Fogao 4 Bocas Fenix Glass Black Blaslar Bivolt;1299.24;https://www.carrefour.com.br/fogao-4-bocas-fenix-glass-black-blaslar-bivolt-mp934206337/p
Fogão 4 Bocas De Piso Braslar New Sirius 2023;469;https://www.carrefour.com.br/fogao-4-bocas-de-piso-braslar-new-sirius-2023-mp935783791/p
Fogão 4 Bocas De Piso Braslar New Sirius 2023;469;https://www.carrefour.com.br/fogao-4-bocas-de-piso-braslar-new-sirius-2023-mp935783764/p
Fogão 4 Bocas De Piso Braslar Sirius Plus 2023 Branco Bivolt;601.99;https://www.carrefour.com.br/fogao-4-bocas-de-piso-braslar-sirius-plus-2023-branco-bivolt-mp937813626/p
Fogão 4 Bocas De Piso Braslar Sirius Plus 2023 Preto Bivolt;601.99;https://www.carrefour.com.br/fogao-4-bocas-de-piso-braslar-sirius-plus-2023-preto-bivolt-mp938468645/p
Fogão À Gás Braslar New Sirius De Piso 4 Bocas Mesa Em Inox;944.84;https://www.carrefour.com.br/fogao-a-gas-braslar-new-sirius-de-piso-4-bocas-mesa-em-inox-mp936128935/p
Fogão 4 Bocas De Piso Braslar New Sirius 2023;509;https://www.carrefour.com.br/fogao-4-bocas-de-piso-braslar-new-sirius-2023-mp935784539/p
Fogão 4 Bocas New Sirius Braslar Preto;665.91;https://www.carrefour.com.br/fogao-4-bocas-new-sirius-braslar-preto-mp936744248/p
Fogão 4 Bocas De Piso Braslar New Sirius 2023;509;https://www.carrefour.com.br/fogao-4-bocas-de-piso-braslar-new-sirius-2023-mp935784506/p
Fogão 4 Bocas De Piso Braslar Sirius Plus 2023;589;https://www.carrefour.com.br/fogao-4-bocas-de-piso-braslar-sirius-plus-2023-mp939463791/p
Fogão 5 Bocas A Gás Braslar Sirius Plus Com Acendimento Automático E Forno 72,2l Preto Bivolt;1079;https://www.carrefour.com.br/fogao-5-bocas-a-gas-braslar-sirius-plus-com-acendimento-automatico-e-forno-722l-preto-bivolt-mp936703581/p
Fogão 4 Bocas A Gás Braslar New Sirius Com Mesa Inox E Forno Easy-clean Branco;769;https://www.carrefour.com.br/fogao-4-bocas-a-gas-braslar-new-sirius-com-mesa-inox-e-forno-easyclean-branco-mp936703583/p
Fogão 4 Bocas A Gás Braslar New Sirius Plus Com Mesa Inox E Forno Easy-clean Preto Bivolt;889;https://www.carrefour.com.br/fogao-4-bocas-a-gas-braslar-new-sirius-plus-com-mesa-inox-e-forno-easyclean-preto-bivolt-mp936703602/p
Fogão 4 Bocas A Gás Braslar New Sirius Com Mesa Inox E Forno Easy-clean Preto;779;https://www.carrefour.com.br/fogao-4-bocas-a-gas-braslar-new-sirius-com-mesa-inox-e-forno-easyclean-preto-mp936703554/p
Fritadeira Elétrica Sem Óleo Preta 5l Mondial 220v Afn-50-bi;440;https://www.carrefour.com.br/fritadeira-eletrica-sem-oleo-preta-5l-mondial-220v-afn50bi-mp933075616/p
Fritadeira Sem Óleo Air Fryer 5l 1900w 127v - Afn-50-bi Mondial;549.99;https://www.carrefour.com.br/fritadeira-sem-oleo-air-fryer-5l-1900w-127v-afn50bi-mondial-mp935468282/p
Fritadeira Air Fryer 5l 1900w C-timer Afn-50-bi Mondial Preto-inox 127v;551;https://www.carrefour.com.br/fritadeira-air-fryer-5l-1900w-ctimer-afn50bi-mondial-pretoinox-127v-mp939925093/p
Fritadeira Elétrica Sem Óleo Preta 5l Mondial 127v Afn-50-bi;469;https://www.carrefour.com.br/fritadeira-eletrica-sem-oleo-preta-5l-mondial-127v-afn50bi-mp938570491/p
Fritadeira Elétrica Sem Óleo Preta 5l Mondial 220v Afn-50-bi;769;https://www.carrefour.com.br/fritadeira-eletrica-sem-oleo-preta-5l-mondial-220v-afn50bi-mp938570616/p
Secador De Cabelo Cadence Curve Art Sec720 1900w;112;https://www.carrefour.com.br/secador-de-cabelo-cadence-curve-art-sec720-1900w-mp931910346/p
Secador De Cabelo Cadence Curve Art Sec720 1.900w;487.02;https://www.carrefour.com.br/secador-de-cabelo-cadence-curve-art-sec720-1900w-mp930661877/p
Secador de Cabelos Curly Hair Cadence 127v;110.94;https://www.carrefour.com.br/secador-de-cabelos-curly-hair-cadence-127v-mp26171451/p
Secador De Cabelo Cadence Curly Hair Sec530 Seca E Modela;315.64;https://www.carrefour.com.br/secador-de-cabelo-cadence-curly-hair-sec530-seca-e-modela-mp931446689/p
Secador De Cabelo Cadence Rouge Style Ii Vermelho 127v Sec56;137.51;https://www.carrefour.com.br/secador-de-cabelo-cadence-rouge-style-ii-vermelho-127v-sec56-mp934038253/p
Secador De Cabelos Carbon Hair Titanium 127v Cadence Sec830;200.23;https://www.carrefour.com.br/secador-de-cabelos-carbon-hair-titanium-127v-cadence-sec830-mp933970030/p
Secador De Cabelo Rouge Style Sec560 2200w Cadence 220v;148.66;https://www.carrefour.com.br/secador-de-cabelo-rouge-style-sec560-2200w-cadence-220v-mp932764061/p
Secador De Cabelos Cadence Carbon Hair Titanium - 220v 220v;137.51;https://www.carrefour.com.br/secador-de-cabelos-cadence-carbon-hair-titanium-220v-220v-mp931569875/p
Secador De Cabelo Cadence Curly Hair Sec530 Secagem Rapida;315.64;https://www.carrefour.com.br/secador-de-cabelo-cadence-curly-hair-sec530-secagem-rapida-mp931446367/p
Secador De Cabelo Cadence Rouge Style Secagem Rapido;246.84;https://www.carrefour.com.br/secador-de-cabelo-cadence-rouge-style-secagem-rapido-mp931446568/p
Secador De Cabelo Cadence Barber Line Sec520 1.900w Potencia;246.84;https://www.carrefour.com.br/secador-de-cabelo-cadence-barber-line-sec520-1900w-potencia-mp931446563/p
Secador De Cabelo Cadence Rouge Style Sc560;332.84;https://www.carrefour.com.br/secador-de-cabelo-cadence-rouge-style-sc560-mp931447074/p
Secador De Cabelo Cadence Rouge Style Levar Em Passeios;332.84;https://www.carrefour.com.br/secador-de-cabelo-cadence-rouge-style-levar-em-passeios-mp931446966/p
Secador De Cabelo Cadence Rouge Style Compacto E Leve;332.84;https://www.carrefour.com.br/secador-de-cabelo-cadence-rouge-style-compacto-e-leve-mp931447018/p
Secador De Cabelo Cadence Curve 1.900w 3 Niveis;418.84;https://www.carrefour.com.br/secador-de-cabelo-cadence-curve-1900w-3-niveis-mp931447096/p
Gift Card Digital Airbnb 500;500;https://www.carrefour.com.br/gift-card-digital-airbnb-500-505164411567/p
Kit 4 Pneus Aro 15 185/65R15 Westlake 88H Z108 CR65772;991.24;https://www.carrefour.com.br/kit-4-pneus-aro-15-18565r15-westlake-88h-z108-cr65772-b2-4-5187478/p
Kit 2 Pneus Westlake 185 65r15 Z108 88h Cr65772;516;https://www.carrefour.com.br/kit-2-pneus-westlake-185-65r15-z108-88h-cr65772-b2-2-5187478/p
"Smartphone Motorola Moto G04s 128GB Grafite Tela 6,6&quot; Câmera 50MP Selfie 5MP Dual Chip Android 14";709.99;https://www.carrefour.com.br/smartphone-motorola-moto-g04s-128gb-grafite-tela-66-camera-50mp-selfie-5mp-dual-chip-android-14-3439720/p
"Smartphone Samsung Galaxy A05s 128GB Preto 4G 6,7&quot; 6GB  RAM Câmera Dupla 50MP Selfie 13MP Dual Chip Android 14";729.99;https://www.carrefour.com.br/smartphone-samsung-galaxy-a05s-128gb-preto-4g-67-6gb-ram-camera-dupla-50mp-selfie-13mp-dual-chip-android-14-3365140/p
Máquina de Lavar Brastemp 13Kg BWK13AB Branca 110V;1899;https://www.carrefour.com.br/maquina-de-lavar-brastemp-13kg-bwk13ab-branca-110v-3239829/p
Gift Card Digital Airbnb 150;150;https://www.carrefour.com.br/gift-card-digital-airbnb-150-505164411565/p
Kit 4 Pneus Aro 14 175/75R14 Westlake;970;https://www.carrefour.com.br/kit-4-pneus-aro-14-175-75r14-westlake-b2-4-5814154/p
Instalação - 4 Pneus + Alinhamento + Balanceamento;269;https://www.carrefour.com.br/instalacao_troca_de_pneus_4_pneus_instapn4/p
Uber 50BRL eGift;50;https://www.carrefour.com.br/uber_50brl_egift/p
Fogao De Mesa 4 Bocas A Gas Realce Apolo Acendimento Manual Branco;273.48;https://www.carrefour.com.br/fogao-de-mesa-4-bocas-a-gas-realce-apolo-acendimento-manual-branco-mp937836279/p
Fogao 4b Realce Ares S/acend - 9601;1010.61;https://www.carrefour.com.br/fogao-4b-realce-ares-sacend-9601-mp921110336/p
Fogão Hera Plus 5 Bocas Branco - Realce;1109;https://www.carrefour.com.br/fogao-hera-plus-5-bocas-branco-realce-mp935465917/p
Fogão Hera Plus 5 Bocas Com Forno 94 Litros Realce;949;https://www.carrefour.com.br/fogao-hera-plus-5-bocas-com-forno-94-litros-realce-mp936688523/p
Fogão Hera Plus 5 Bocas Com Forno 94 Litros Realce;949;https://www.carrefour.com.br/fogao-hera-plus-5-bocas-com-forno-94-litros-realce-mp936687478/p
Fogão Hera Plus 5 Bocas Preto - Realce;1023;https://www.carrefour.com.br/fogao-hera-plus-5-bocas-preto-realce-mp935465922/p
Fogão Hera Plus 5 Bocas Branco - Realce;1109;https://www.carrefour.com.br/fogao-hera-plus-5-bocas-branco-realce-mp935465931/p
Fogão 4 Bocas A Gás Realce Ares  Acendimento Manual Preto;597;https://www.carrefour.com.br/fogao-4-bocas-a-gas-realce-ares-acendimento-manual-preto-mp930870282/p
Fogão De Piso 5 Bocas Ares Glass Realce;1049.99;https://www.carrefour.com.br/fogao-de-piso-5-bocas-ares-glass-realce-mp936103808/p
Fogão 4 Bocas A Gás Realce Ares  Acendimento Manual Branco;597;https://www.carrefour.com.br/fogao-4-bocas-a-gas-realce-ares-acendimento-manual-branco-mp930870378/p
Fogão Cooktop Atalanta 4 Bocas Realce;399;https://www.carrefour.com.br/fogao-cooktop-atalanta-4-bocas-realce-mp936689058/p
Fogão 5 Bocas A Gás Acendimento Automático Realce Bivolt Cr211 Branco;1869.92;https://www.carrefour.com.br/fogao-5-bocas-a-gas-acendimento-automatico-realce-bivolt-cr211-branco-mp933447972/p
Fogão 4 Bocas Apolo Branco / Manual Realce;282.94;https://www.carrefour.com.br/fogao-4-bocas-apolo-branco-manual-realce-mp935414589/p
Fogão 4 Bocas A Gás Acendimento Automático Realce Glass Bivolt Cr206 Branco Branco 127/220;1375.91;https://www.carrefour.com.br/fogao-4-bocas-a-gas-acendimento-automatico-realce-glass-bivolt-cr206-branco-branco-127220-mp933452755/p
Fogão 5 Bocas A Gás Acendimento Automático Realce Glass Bivolt Cr212 Branco Branco 127/220;2184.31;https://www.carrefour.com.br/fogao-5-bocas-a-gas-acendimento-automatico-realce-glass-bivolt-cr212-branco-branco-127220-mp933452646/p
Banheira Para Bebe Com Trocador Burigotto Tchibum Baby Blue;439.12;https://www.carrefour.com.br/banheira-para-bebe-com-trocador-burigotto-tchibum-baby-blue-mp929443775/p
Banheira De Bebe Com Trocador Burigotto Tchibum Rose Madder;453;https://www.carrefour.com.br/banheira-de-bebe-com-trocador-burigotto-tchibum-rose-madder-mp929443841/p
Banheira Para Bebê Com Trocador Burigotto Tchibum Rose Madder;453;https://www.carrefour.com.br/banheira-para-bebe-com-trocador-burigotto-tchibum-rose-madder-mp932710651/p
Banheira De Bebê Burigotto Tchibum Suporta Até 20kg;459;https://www.carrefour.com.br/banheira-de-bebe-burigotto-tchibum-suporta-ate-20kg-mp936879789/p
Banheira De Bebê Burigotto Tchibum Suporta Até 20kg;347.01;https://www.carrefour.com.br/banheira-de-bebe-burigotto-tchibum-suporta-ate-20kg-mp935364884/p
Banheira Para Bebê Burigotto Tchibum - Rose Madder;453;https://www.carrefour.com.br/banheira-para-bebe-burigotto-tchibum-rose-madder-mp932711074/p
Banheira Para Bebê Tchibum - Rose Madder - Burigotto;453;https://www.carrefour.com.br/banheira-para-bebe-tchibum-rose-madder-burigotto-mp932711327/p
Banheira Para Bebê Tchibum - Rose Madder - Burigotto;453;https://www.carrefour.com.br/banheira-para-bebe-tchibum-rose-madder-burigotto-mp932711148/p
Banheira Para Bebê Tchibum - Rose Madder - Burigotto;453;https://www.carrefour.com.br/banheira-para-bebe-tchibum-rose-madder-burigotto-mp932710636/p
Banheira De Bebê Tchibum Burigotto Branco;699;https://www.carrefour.com.br/banheira-de-bebe-tchibum-burigotto-branco-mp932299242/p
Banheira para Bebe Burigotto Tchibum Rose Madder Rosa;453;https://www.carrefour.com.br/banheira-para-bebe-burigotto-tchibum-rose-madder-rosa-mp908930042/p
Banheira para Bebe Burigotto Tchibum Baby Blue Azul;439.12;https://www.carrefour.com.br/banheira-para-bebe-burigotto-tchibum-baby-blue-azul-mp908930056/p
Pingadeira Aparador Bebedouro Esmaltec Egm 30;49;https://www.carrefour.com.br/pingadeira-aparador-bebedouro-esmaltec-egm-30-mp937753132/p
Pingadeira Aparador Bebedouro Esmaltec Egm 30;49;https://www.carrefour.com.br/pingadeira-aparador-bebedouro-esmaltec-egm-30-mp932732051/p
Pingadeira Aparador Bebedouro Esmaltec Egm 30;32.33;https://www.carrefour.com.br/pingadeira-aparador-bebedouro-esmaltec-egm-30-mp924573702/p
Pingadeira Aparador Bebedouro Esmaltec Egm 30;32.33;https://www.carrefour.com.br/pingadeira-aparador-bebedouro-esmaltec-egm-30-mp923919404/p
Climatizador De Ar Digital Cp04-d 110v Praxis;479.99;https://www.carrefour.com.br/climatizador-de-ar-digital-cp04d-110v-praxis-mp928920492/p
Climatizador De Ar Cp04-d 65w 4l De Capacidade Praxis;489;https://www.carrefour.com.br/climatizador-de-ar-cp04d-65w-4l-de-capacidade-praxis-mp932073191/p
Climatizador De Ar Digital Cp04-d 220v Praxis;479.99;https://www.carrefour.com.br/climatizador-de-ar-digital-cp04d-220v-praxis-mp928921528/p
Climatizador De Ar Portátil 4 Em 1 Painel Digital Duplo Filtro Com Timer 4 Litros Cp04-d Praxis;605.57;https://www.carrefour.com.br/climatizador-de-ar-portatil-4-em-1-painel-digital-duplo-filtro-com-timer-4-litros-cp04d-praxis-mp935937722/p
Climatizador De Ar Portátil 4 Em 1 Painel Digital Duplo Filtro Com Timer 4 Litros Cp04-d Praxis;605.57;https://www.carrefour.com.br/climatizador-de-ar-portatil-4-em-1-painel-digital-duplo-filtro-com-timer-4-litros-cp04d-praxis-mp935937909/p
Gift Card Digital Airbnb 500;500;https://www.carrefour.com.br/gift-card-digital-airbnb-500-505164411567/p
Kit 4 Pneus Aro 15 185/65R15 Westlake 88H Z108 CR65772;991.24;https://www.carrefour.com.br/kit-4-pneus-aro-15-18565r15-westlake-88h-z108-cr65772-b2-4-5187478/p
Kit 2 Pneus Westlake 185 65r15 Z108 88h Cr65772;516;https://www.carrefour.com.br/kit-2-pneus-westlake-185-65r15-z108-88h-cr65772-b2-2-5187478/p
"Smartphone Motorola Moto G04s 128GB Grafite Tela 6,6&quot; Câmera 50MP Selfie 5MP Dual Chip Android 14";709.99;https://www.carrefour.com.br/smartphone-motorola-moto-g04s-128gb-grafite-tela-66-camera-50mp-selfie-5mp-dual-chip-android-14-3439720/p
"Smartphone Samsung Galaxy A05s 128GB Preto 4G 6,7&quot; 6GB  RAM Câmera Dupla 50MP Selfie 13MP Dual Chip Android 14";729.99;https://www.carrefour.com.br/smartphone-samsung-galaxy-a05s-128gb-preto-4g-67-6gb-ram-camera-dupla-50mp-selfie-13mp-dual-chip-android-14-3365140/p
Máquina de Lavar Brastemp 13Kg BWK13AB Branca 110V;1899;https://www.carrefour.com.br/maquina-de-lavar-brastemp-13kg-bwk13ab-branca-110v-3239829/p
Gift Card Digital Airbnb 150;150;https://www.carrefour.com.br/gift-card-digital-airbnb-150-505164411565/p
Kit 4 Pneus Aro 14 175/75R14 Westlake;970;https://www.carrefour.com.br/kit-4-pneus-aro-14-175-75r14-westlake-b2-4-5814154/p
Instalação - 4 Pneus + Alinhamento + Balanceamento;269;https://www.carrefour.com.br/instalacao_troca_de_pneus_4_pneus_instapn4/p
Uber 50BRL eGift;50;https://www.carrefour.com.br/uber_50brl_egift/p
empty;0;https://www.carrefour.com.br/busca/ARMARIO%20MGM%20IRIS%2044%20CM%20C/%20ESPELHEIRA
Cadeira De Refeição Alimentação Para Bebe Bon Appetit Mon Amour Burigotto;447.04;https://www.carrefour.com.br/cadeira-de-refeicao-alimentacao-para-bebe-bon-appetit-mon-amour-burigotto-mp932768361/p
Cadeira Refeição Bon Appetit Xl Monstrinho - Burigotto;494.09;https://www.carrefour.com.br/cadeira-refeicao-bon-appetit-xl-monstrinho-burigotto-mp936967858/p
Cadeira de Refeição Burigotto Bon Appetit XL Mon Amour;447.04;https://www.carrefour.com.br/cadeira-de-refeicao-burigotto-bon-appetit-xl-mon-amour-mp24913604/p
Cadeira Refeição Bon Appetit Xl - Mon Amour - Burigotto;447.04;https://www.carrefour.com.br/cadeira-refeicao-bon-appetit-xl-mon-amour-burigotto-mp932768763/p
Cadeira Refeição Bon Appetit Xl Mon Amour Burigotto Rosa;447.04;https://www.carrefour.com.br/cadeira-refeicao-bon-appetit-xl-mon-amour-burigotto-rosa-mp932769058/p
Cadeira De Refeição Burigotto Bon Appetit Xl - Mon Amour Rosa;447.04;https://www.carrefour.com.br/cadeira-de-refeicao-burigotto-bon-appetit-xl-mon-amour-rosa-mp932768661/p
Cadeira De Refeição Bon Appetit - Mon Amour - Burigotto;447.04;https://www.carrefour.com.br/cadeira-de-refeicao-bon-appetit-mon-amour-burigotto-mp932768199/p
Cadeira Refeição Bon Appetit Xl - Mon Amour - Burigotto;447.04;https://www.carrefour.com.br/cadeira-refeicao-bon-appetit-xl-mon-amour-burigotto-mp932768399/p
Banheira Galzerano Dobrável Bebê Plástica Premium 7005gr - Grafite;506;https://www.carrefour.com.br/banheira-galzerano-dobravel-bebe-plastica-premium-7005gr-grafite-mp932710640/p
Fogao De Mesa 4 Bocas A Gas Realce Apolo Acendimento Manual Branco;273.48;https://www.carrefour.com.br/fogao-de-mesa-4-bocas-a-gas-realce-apolo-acendimento-manual-branco-mp937836279/p
Cooktop Atalanta 5 Bocas Preto - Realce;515.14;https://www.carrefour.com.br/cooktop-atalanta-5-bocas-preto-realce-mp935466058/p
Cooktop 5 Bocas A Gás Realce Bivolt Cr215 Preto 127/220;722.31;https://www.carrefour.com.br/cooktop-5-bocas-a-gas-realce-bivolt-cr215-preto-127220-mp938924014/p
Cooktop 4 Bocas A Gás Realce Bivolt Cr214 Preto Bivolt;653.51;https://www.carrefour.com.br/cooktop-4-bocas-a-gas-realce-bivolt-cr214-preto-bivolt-mp938923934/p
Cooktop 5 Bocas A Gás Tripla Chama Realce Bivolt Cr216 Preto 127/220;851.31;https://www.carrefour.com.br/cooktop-5-bocas-a-gas-tripla-chama-realce-bivolt-cr216-preto-127220-mp938924024/p
Cooktop 5 Bocas Mega Chama Realce Preto;529.99;https://www.carrefour.com.br/cooktop-5-bocas-mega-chama-realce-preto-mp935543626/p
Cooktop Atalanta 4 Bocas Preto - Realce;463.54;https://www.carrefour.com.br/cooktop-atalanta-4-bocas-preto-realce-mp935466020/p
Cooktop 5 Bocas T Chama Atalanta Preto / Bivolt Realce;601.14;https://www.carrefour.com.br/cooktop-5-bocas-t-chama-atalanta-preto-bivolt-realce-mp935415294/p
Cooktop 4 Bocas A Gás Realce Bivolt Cr214 Preto;688.42;https://www.carrefour.com.br/cooktop-4-bocas-a-gas-realce-bivolt-cr214-preto-mp933447874/p
Cooktop 5 Bocas A Gás Realce Bivolt Cr215 Preto;756.42;https://www.carrefour.com.br/cooktop-5-bocas-a-gas-realce-bivolt-cr215-preto-mp933447851/p
Cooktop 5 Bocas A Gás Tripla Chama Realce Bivolt Cr216 Preto;883.92;https://www.carrefour.com.br/cooktop-5-bocas-a-gas-tripla-chama-realce-bivolt-cr216-preto-mp933447892/p
Cooktop Realce 5q Com Tripla Chama Preto;789.46;https://www.carrefour.com.br/cooktop-realce-5q-com-tripla-chama-preto-mp940061828/p
Cooktop Para Cozinha Realce 5 Queimadores Preto;694.73;https://www.carrefour.com.br/cooktop-para-cozinha-realce-5-queimadores-preto-mp940060421/p
Fogao 4b Realce Ares S/acend - 9601;1010.61;https://www.carrefour.com.br/fogao-4b-realce-ares-sacend-9601-mp921110336/p
Fogão Cooktop Atalanta 4 Bocas Realce;399;https://www.carrefour.com.br/fogao-cooktop-atalanta-4-bocas-realce-mp936689058/p
empty;0;https://www.carrefour.com.br/busca/ADEGA%20VENAX%20PIUBELLLA%20200%20P/50%20GARRAFAS
Cadeira De Alimentação Galzerano Portátil Para Bebê Alta Nick 5025 Até 23kg Dino;358;https://www.carrefour.com.br/cadeira-de-alimentacao-galzerano-portatil-para-bebe-alta-nick-5025-ate-23kg-dino-mp928906966/p
Cadeira De Refeição Alta Nick 5025 Em Aço Até 23kg Galzerano;359;https://www.carrefour.com.br/cadeira-de-refeicao-alta-nick-5025-em-aco-ate-23kg-galzerano-mp937822845/p
Cadeira De Alimentação Galzerano Portátil Para Bebê Alta Nick 5025 Até 23kg Rose;358;https://www.carrefour.com.br/cadeira-de-alimentacao-galzerano-portatil-para-bebe-alta-nick-5025-ate-23kg-rose-mp933152224/p
Cadeira De Alimentação Galzerano Portátil Para Bebê Alta Nick 5025 Até 23kg Panda;358;https://www.carrefour.com.br/cadeira-de-alimentacao-galzerano-portatil-para-bebe-alta-nick-5025-ate-23kg-panda-mp928906552/p
Cadeira De Alimentação Galzerano Portátil Para Bebê Alta Nick 5025 Até 23kg Blue;358;https://www.carrefour.com.br/cadeira-de-alimentacao-galzerano-portatil-para-bebe-alta-nick-5025-ate-23kg-blue-mp933312320/p
Cadeira De Refeição Alta Nick 5025 Em Aço Até 23kg Galzerano;359;https://www.carrefour.com.br/cadeira-de-refeicao-alta-nick-5025-em-aco-ate-23kg-galzerano-mp930870326/p
Cadeira De Refeição Alta Nick 5025 Em Aço Até 23kg Galzerano;273.68;https://www.carrefour.com.br/cadeira-de-refeicao-alta-nick-5025-em-aco-ate-23kg-galzerano-mp930888419/p
Cadeira De Alimentação Galzerano Portátil Para Bebê Alta Nick 5025 Até 23kg Zoo;358;https://www.carrefour.com.br/cadeira-de-alimentacao-galzerano-portatil-para-bebe-alta-nick-5025-ate-23kg-zoo-mp928906788/p
Cadeira De Alimentação Galzerano Portátil Para Bebê Alta Nick 5025 Até 23kg Real;358;https://www.carrefour.com.br/cadeira-de-alimentacao-galzerano-portatil-para-bebe-alta-nick-5025-ate-23kg-real-mp936214487/p
Cadeira De Alimentação Galzerano Portátil Para Bebê Alta Nick 5025 Até 23kg Panda;308.65;https://www.carrefour.com.br/cadeira-de-alimentacao-galzerano-portatil-para-bebe-alta-nick-5025-ate-23kg-panda-mp939168955/p
Cadeira De Alimentação Galzerano Portátil Para Bebê Alta Nick 5025 Até 23kg Zoo Estampada;308.65;https://www.carrefour.com.br/cadeira-de-alimentacao-galzerano-portatil-para-bebe-alta-nick-5025-ate-23kg-zoo-estampada-mp939168961/p
Cadeira De Refeição Alta Nick 5025 Em Aço Até 23kg Galzerano;274.66;https://www.carrefour.com.br/cadeira-de-refeicao-alta-nick-5025-em-aco-ate-23kg-galzerano-mp930888418/p
Cadeira De Alimentação Galzerano Portátil Para Bebê Alta Nick 5025 Até 23kg Real;308.65;https://www.carrefour.com.br/cadeira-de-alimentacao-galzerano-portatil-para-bebe-alta-nick-5025-ate-23kg-real-mp939169009/p
Cadeira De Alimentação Galzerano Portátil Para Bebê Alta Nick 5025 Até 23kg Rosê;308.65;https://www.carrefour.com.br/cadeira-de-alimentacao-galzerano-portatil-para-bebe-alta-nick-5025-ate-23kg-rose-mp939168906/p
Cadeira De Alimentação Galzerano Portátil Para Bebê Alta Nick 5025 Até 23kg Blue Azul;308.65;https://www.carrefour.com.br/cadeira-de-alimentacao-galzerano-portatil-para-bebe-alta-nick-5025-ate-23kg-blue-azul-mp939168886/p
Cervejeira Venax Blue Light 100 L Preto Fosco 127 V;3112.75;https://www.carrefour.com.br/cervejeira-venax-blue-light-100-l-preto-fosco-127-v-mp932199725/p
Cervejeira 100l Blue Light Preto Fosco Venax 110v;2888.74;https://www.carrefour.com.br/cervejeira-100l-blue-light-preto-fosco-venax-110v-mp938865044/p
Cervejeira 100l Blue Light Preto Fosco Venax 220v;2888.74;https://www.carrefour.com.br/cervejeira-100l-blue-light-preto-fosco-venax-220v-mp938864908/p
Cervejeira Venax Blue Light 100 L Preto Fosco 220 V;3112.75;https://www.carrefour.com.br/cervejeira-venax-blue-light-100-l-preto-fosco-220-v-mp932199757/p
Cervejeira Venax Blue Light 100 Com Led 82 Litros 110v;3849;https://www.carrefour.com.br/cervejeira-venax-blue-light-100-com-led-82-litros-110v-mp928428069/p
Cervejeira Venax Blue Light 100 Litros Cinza 127v 21208;3001.18;https://www.carrefour.com.br/cervejeira-venax-blue-light-100-litros-cinza-127v-21208-mp935723407/p
Cervejeira Blue Light 100l - 127v - Preto Fosco;3808;https://www.carrefour.com.br/cervejeira-blue-light-100l-127v-preto-fosco-mp924668803/p
Cervejeira Venax Blue Light 100 L Preto Fosco 220 V;3619.48;https://www.carrefour.com.br/cervejeira-venax-blue-light-100-l-preto-fosco-220-v-mp939989003/p
Cervejeira Venax Blue Light 100l Porta Invertida Cinza 220v 21207;3001.18;https://www.carrefour.com.br/cervejeira-venax-blue-light-100l-porta-invertida-cinza-220v-21207-mp934027560/p
Conjunto Cervejeira 82l Blue Light E Adega 82l 24 Garrafas Piubella 100 127v - Venax;6187.54;https://www.carrefour.com.br/conjunto-cervejeira-82l-blue-light-e-adega-82l-24-garrafas-piubella-100-127v-venax-mp933475943/p
Gift Card Digital Airbnb 500;500;https://www.carrefour.com.br/gift-card-digital-airbnb-500-505164411567/p
Kit 4 Pneus Aro 15 185/65R15 Westlake 88H Z108 CR65772;991.24;https://www.carrefour.com.br/kit-4-pneus-aro-15-18565r15-westlake-88h-z108-cr65772-b2-4-5187478/p
Kit 2 Pneus Westlake 185 65r15 Z108 88h Cr65772;516;https://www.carrefour.com.br/kit-2-pneus-westlake-185-65r15-z108-88h-cr65772-b2-2-5187478/p
"Smartphone Motorola Moto G04s 128GB Grafite Tela 6,6&quot; Câmera 50MP Selfie 5MP Dual Chip Android 14";709.99;https://www.carrefour.com.br/smartphone-motorola-moto-g04s-128gb-grafite-tela-66-camera-50mp-selfie-5mp-dual-chip-android-14-3439720/p
"Smartphone Samsung Galaxy A05s 128GB Preto 4G 6,7&quot; 6GB  RAM Câmera Dupla 50MP Selfie 13MP Dual Chip Android 14";729.99;https://www.carrefour.com.br/smartphone-samsung-galaxy-a05s-128gb-preto-4g-67-6gb-ram-camera-dupla-50mp-selfie-13mp-dual-chip-android-14-3365140/p
Máquina de Lavar Brastemp 13Kg BWK13AB Branca 110V;1899;https://www.carrefour.com.br/maquina-de-lavar-brastemp-13kg-bwk13ab-branca-110v-3239829/p
Gift Card Digital Airbnb 150;150;https://www.carrefour.com.br/gift-card-digital-airbnb-150-505164411565/p
Kit 4 Pneus Aro 14 175/75R14 Westlake;970;https://www.carrefour.com.br/kit-4-pneus-aro-14-175-75r14-westlake-b2-4-5814154/p
Instalação - 4 Pneus + Alinhamento + Balanceamento;269;https://www.carrefour.com.br/instalacao_troca_de_pneus_4_pneus_instapn4/p
Uber 50BRL eGift;50;https://www.carrefour.com.br/uber_50brl_egift/p
empty;0;https://www.carrefour.com.br/busca/GDA%20CARIOCA%20MOVEIS%20ROMA%202PTS%20C/%20ESP
Gift Card Digital Airbnb 500;500;https://www.carrefour.com.br/gift-card-digital-airbnb-500-505164411567/p
Kit 4 Pneus Aro 15 185/65R15 Westlake 88H Z108 CR65772;991.24;https://www.carrefour.com.br/kit-4-pneus-aro-15-18565r15-westlake-88h-z108-cr65772-b2-4-5187478/p
Kit 2 Pneus Westlake 185 65r15 Z108 88h Cr65772;516;https://www.carrefour.com.br/kit-2-pneus-westlake-185-65r15-z108-88h-cr65772-b2-2-5187478/p
"Smartphone Motorola Moto G04s 128GB Grafite Tela 6,6&quot; Câmera 50MP Selfie 5MP Dual Chip Android 14";709.99;https://www.carrefour.com.br/smartphone-motorola-moto-g04s-128gb-grafite-tela-66-camera-50mp-selfie-5mp-dual-chip-android-14-3439720/p
"Smartphone Samsung Galaxy A05s 128GB Preto 4G 6,7&quot; 6GB  RAM Câmera Dupla 50MP Selfie 13MP Dual Chip Android 14";729.99;https://www.carrefour.com.br/smartphone-samsung-galaxy-a05s-128gb-preto-4g-67-6gb-ram-camera-dupla-50mp-selfie-13mp-dual-chip-android-14-3365140/p
Máquina de Lavar Brastemp 13Kg BWK13AB Branca 110V;1899;https://www.carrefour.com.br/maquina-de-lavar-brastemp-13kg-bwk13ab-branca-110v-3239829/p
Gift Card Digital Airbnb 150;150;https://www.carrefour.com.br/gift-card-digital-airbnb-150-505164411565/p
Kit 4 Pneus Aro 14 175/75R14 Westlake;970;https://www.carrefour.com.br/kit-4-pneus-aro-14-175-75r14-westlake-b2-4-5814154/p
Instalação - 4 Pneus + Alinhamento + Balanceamento;269;https://www.carrefour.com.br/instalacao_troca_de_pneus_4_pneus_instapn4/p
Uber 50BRL eGift;50;https://www.carrefour.com.br/uber_50brl_egift/p
Fogao Braslar 4 Bcs Sirius 2023 Preto;576.11;https://www.carrefour.com.br/fogao-braslar-4-bcs-sirius-2023-preto-mp935933379/p
Fogao 4 Bocas Fenix Glass Black Blaslar Bivolt;1299.24;https://www.carrefour.com.br/fogao-4-bocas-fenix-glass-black-blaslar-bivolt-mp934206337/p
Fogão 4 Bocas De Piso Braslar New Sirius 2023;469;https://www.carrefour.com.br/fogao-4-bocas-de-piso-braslar-new-sirius-2023-mp935783791/p
Fogão 4 Bocas De Piso Braslar New Sirius 2023;469;https://www.carrefour.com.br/fogao-4-bocas-de-piso-braslar-new-sirius-2023-mp935783764/p
Fogão 4 Bocas De Piso Braslar Sirius Plus 2023 Branco Bivolt;601.99;https://www.carrefour.com.br/fogao-4-bocas-de-piso-braslar-sirius-plus-2023-branco-bivolt-mp937813626/p
Fogão 4 Bocas De Piso Braslar Sirius Plus 2023 Preto Bivolt;601.99;https://www.carrefour.com.br/fogao-4-bocas-de-piso-braslar-sirius-plus-2023-preto-bivolt-mp938468645/p
Fogão À Gás Braslar New Sirius De Piso 4 Bocas Mesa Em Inox;944.84;https://www.carrefour.com.br/fogao-a-gas-braslar-new-sirius-de-piso-4-bocas-mesa-em-inox-mp936128935/p
Fogão 4 Bocas De Piso Braslar New Sirius 2023;509;https://www.carrefour.com.br/fogao-4-bocas-de-piso-braslar-new-sirius-2023-mp935784539/p
Fogão 4 Bocas New Sirius Braslar Preto;665.91;https://www.carrefour.com.br/fogao-4-bocas-new-sirius-braslar-preto-mp936744248/p
Fogão 4 Bocas De Piso Braslar New Sirius 2023;509;https://www.carrefour.com.br/fogao-4-bocas-de-piso-braslar-new-sirius-2023-mp935784506/p
Fogão 4 Bocas De Piso Braslar Sirius Plus 2023;589;https://www.carrefour.com.br/fogao-4-bocas-de-piso-braslar-sirius-plus-2023-mp939463791/p
Fogão 5 Bocas A Gás Braslar Sirius Plus Com Acendimento Automático E Forno 72,2l Preto Bivolt;1079;https://www.carrefour.com.br/fogao-5-bocas-a-gas-braslar-sirius-plus-com-acendimento-automatico-e-forno-722l-preto-bivolt-mp936703581/p
Fogão 4 Bocas A Gás Braslar New Sirius Com Mesa Inox E Forno Easy-clean Branco;769;https://www.carrefour.com.br/fogao-4-bocas-a-gas-braslar-new-sirius-com-mesa-inox-e-forno-easyclean-branco-mp936703583/p
Fogão 4 Bocas A Gás Braslar New Sirius Plus Com Mesa Inox E Forno Easy-clean Preto Bivolt;889;https://www.carrefour.com.br/fogao-4-bocas-a-gas-braslar-new-sirius-plus-com-mesa-inox-e-forno-easyclean-preto-bivolt-mp936703602/p
Fogão 4 Bocas A Gás Braslar New Sirius Com Mesa Inox E Forno Easy-clean Preto;779;https://www.carrefour.com.br/fogao-4-bocas-a-gas-braslar-new-sirius-com-mesa-inox-e-forno-easyclean-preto-mp936703554/p
Escova Secadora Black Purple Mondial Es-08 127v/60hz;128.91;https://www.carrefour.com.br/escova-secadora-black-purple-mondial-es08-127v60hz-mp930655196/p
Escova Secadora Mondial Black Purple Es-08 3 Em 1 Alisadora;192.41;https://www.carrefour.com.br/escova-secadora-mondial-black-purple-es08-3-em-1-alisadora-mp937166124/p
Escova Secadora Black Purple Mondial Es-08 220v/60hz;128.91;https://www.carrefour.com.br/escova-secadora-black-purple-mondial-es08-220v60hz-mp931558632/p
Escova Secadora Black Purple Mondial Es-08 127v/60hz;149;https://www.carrefour.com.br/escova-secadora-black-purple-mondial-es08-127v60hz-mp939761730/p
Escova Secadora Black Purple Mondial Es-08 220v/60hz;149;https://www.carrefour.com.br/escova-secadora-black-purple-mondial-es08-220v60hz-mp939755240/p
Escova Secadora Es-08 1200w 3 Em 1 Com Ponta Fria Mondial;159;https://www.carrefour.com.br/escova-secadora-es08-1200w-3-em-1-com-ponta-fria-mondial-mp930285804/p
Conjunto 2 Cadeiras Apogeu Móveis Lopas Rovere Naturale/Linho Rinzai Bege;333.32;https://www.carrefour.com.br/conjunto-2-cadeiras-apogeu-moveis-lopas-rovere-naturale-linho-rinzai-bege-mp909037583/p
Conjunto Com 2 Cadeiras Apogeu Lopas Com Tecido Linho - Amêndoa/bege;359;https://www.carrefour.com.br/conjunto-com-2-cadeiras-apogeu-lopas-com-tecido-linho-amendoabege-mp932955549/p
Conjunto Com 2 Cadeiras Apogeu Lopas Com Tecido Veludo - Amêndoa/cappuccino;359;https://www.carrefour.com.br/conjunto-com-2-cadeiras-apogeu-lopas-com-tecido-veludo-amendoacappuccino-mp932942561/p
Conjunto 2 Cadeiras Apogeu Amêndoa-veludo Liso Capuccino Lopas;623.44;https://www.carrefour.com.br/conjunto-2-cadeiras-apogeu-amendoaveludo-liso-capuccino-lopas-mp935448449/p
Conjunto 2 Cadeiras Apogeu Amêndoa-suede Animale Bege Lopas;623.44;https://www.carrefour.com.br/conjunto-2-cadeiras-apogeu-amendoasuede-animale-bege-lopas-mp935448162/p
Conjunto 2 Cadeiras Estrutura Mdf/mdp Apogeu Móveis Lopas Amêndoa/suede Animale Bege;486.42;https://www.carrefour.com.br/conjunto-2-cadeiras-estrutura-mdfmdp-apogeu-moveis-lopas-amendoasuede-animale-bege-mp934197306/p
Conjunto 2 Cadeiras Estrutura Mdf/mdp Apogeu Móveis Lopas Amêndoa /veludo Creme;486.42;https://www.carrefour.com.br/conjunto-2-cadeiras-estrutura-mdfmdp-apogeu-moveis-lopas-amendoa-veludo-creme-mp934197628/p
Conjunto 2 Cadeiras Estofadas Apogeu Móveis Lopas;725;https://www.carrefour.com.br/conjunto-2-cadeiras-estofadas-apogeu-moveis-lopas-mp931811461/p
Conjunto 2 Cadeiras Estofadas Apogeu Móveis Lopas;369.99;https://www.carrefour.com.br/conjunto-2-cadeiras-estofadas-apogeu-moveis-lopas-mp931201939/p
Cadeira Lopas Apogeu Madeirado Rovere (2 Uni) Rovere;400.37;https://www.carrefour.com.br/cadeira-lopas-apogeu-madeirado-rovere-2-uni-rovere-mp23278178/p
Cadeira Lopas Apogeu Madeirado Rovere (2 Uni) Rovere;400.37;https://www.carrefour.com.br/cadeira-lopas-apogeu-madeirado-rovere-2-uni-rovere-mp23275223/p
Cadeira Lopas Apogeu Madeirado Rovere (2 Uni) Rovere;400.37;https://www.carrefour.com.br/cadeira-lopas-apogeu-madeirado-rovere-2-uni-rovere-mp22993700/p
Cadeira Lopas Apogeu Madeirado Rovere (2 Uni) Rovere;400.37;https://www.carrefour.com.br/cadeira-lopas-apogeu-madeirado-rovere-2-uni-rovere-mp22991769/p
Cadeira Lopas Apogeu Madeirado (2 unidades) Rovere/Bege;343.17;https://www.carrefour.com.br/cadeira-lopas-apogeu-madeirado-2-unidades-roverebege-mp22991760/p
Cadeira Lopas Apogeu Madeirado Rovere (2 Uni) Rovere;400.37;https://www.carrefour.com.br/cadeira-lopas-apogeu-madeirado-rovere-2-uni-rovere-mp22998463/p
Bebedouro Gelágua De Coluna Para Garrafão Egc35b Branco 220v - Esmaltec;628.09;https://www.carrefour.com.br/bebedouro-gelagua-de-coluna-para-garrafao-egc35b-branco-220v-esmaltec-mp937836047/p
Bebedouro De Coluna Garrafão Esmaltec Egc35b;732;https://www.carrefour.com.br/bebedouro-de-coluna-garrafao-esmaltec-egc35b-mp935172477/p
Bebedouro Esmaltec Coluna Natural E Frio Branco 220v Egc35b 0106000229;700;https://www.carrefour.com.br/bebedouro-esmaltec-coluna-natural-e-frio-branco-220v-egc35b-0106000229-mp939001692/p
Bebedouro Gelágua De Coluna Para Garrafão Egc35b Inox 220v - Esmaltec;660.91;https://www.carrefour.com.br/bebedouro-gelagua-de-coluna-para-garrafao-egc35b-inox-220v-esmaltec-mp936163751/p
Bebedouro De Coluna Garrafão Esmaltec Egc35b;829;https://www.carrefour.com.br/bebedouro-de-coluna-garrafao-esmaltec-egc35b-mp935157031/p
Bebedouro De Coluna Garrafão Esmaltec Egc35b;699;https://www.carrefour.com.br/bebedouro-de-coluna-garrafao-esmaltec-egc35b-mp935202822/p
Bebedouro Esmaltec Coluna Natural E Frio Preto E Inox 220v Egc35b 0106000240;800;https://www.carrefour.com.br/bebedouro-esmaltec-coluna-natural-e-frio-preto-e-inox-220v-egc35b-0106000240-mp936429731/p
Bebedouro Esmaltec Coluna Garrafao - Egc35b Inox 220 Volts;1082.55;https://www.carrefour.com.br/bebedouro-esmaltec-coluna-garrafao-egc35b-inox-220-volts-mp932607229/p
Bebedouro De Água Esmaltec De Coluna Gelagua Egc35b | Com Compressor Branco;703;https://www.carrefour.com.br/bebedouro-de-agua-esmaltec-de-coluna-gelagua-egc35b-com-compressor-branco-mp930309037/p
Bebedouro Esmaltec Coluna Natural E Frio Branco 220v Egc35b 0106000229;755;https://www.carrefour.com.br/bebedouro-esmaltec-coluna-natural-e-frio-branco-220v-egc35b-0106000229-mp936429734/p
Bebedouro de Coluna Gelágua EGC35B Inox - Esmaltec - 220V;899;https://www.carrefour.com.br/bebedouro-de-coluna-gelagua-egc35b-inox-esmaltec-220v-mv03302015/p
Bebedouro Esmaltec Coluna Garrafao - Egc35b Inox 220 Volts;1258.78;https://www.carrefour.com.br/bebedouro-esmaltec-coluna-garrafao-egc35b-inox-220-volts-mp939795817/p
Bebedouro De Água 1.9 Litros Esmaltec EGM30 Branco 127V;549;https://www.carrefour.com.br/bebedouro-de-agua-19-litros-esmaltec-egm30-branco-127v-mp908133661/p
Bebedouro de Coluna Esmaltec EGCQF HE Inox e Preto 110V;1699;https://www.carrefour.com.br/bebedouro-de-coluna-esmaltec-egcqf-he-inox-e-preto-110v-mp27947694/p
Beliche Solteiro Mari Em Mdf Com Estante Acoplada Cimol;1008.42;https://www.carrefour.com.br/beliche-solteiro-mari-em-mdf-com-estante-acoplada-cimol-mp933892865/p
Bebedouro Água Garrafão Galão Amvox - Abb 240 - Preto - Bivolt;470;https://www.carrefour.com.br/bebedouro-agua-garrafao-galao-amvox-abb-240-preto-bivolt-mp920582942/p
Bebedouro Refrigerado Amvox Bivolt Preto Garrafão Galão Água Gelada Natural Abb 240 Black;379;https://www.carrefour.com.br/bebedouro-refrigerado-amvox-bivolt-preto-garrafao-galao-agua-gelada-natural-abb-240-black-mp924647042/p
Bebedouro Garrafão Galão Água Gelada E Natural Amvox;368;https://www.carrefour.com.br/bebedouro-garrafao-galao-agua-gelada-e-natural-amvox-mp934061569/p
Bebedouro De Água Elétrico Natural E Gelada Bivolt Abb240 Amvox Branco;459.99;https://www.carrefour.com.br/bebedouro-de-agua-eletrico-natural-e-gelada-bivolt-abb240-amvox-branco-mp934277420/p
Bebedouro Garrafão Galão Água Gelada E Natural Amvox;319;https://www.carrefour.com.br/bebedouro-garrafao-galao-agua-gelada-e-natural-amvox-mp934067482/p
Bebedouro Abb 240 Black Bivolt Amvox Preto;449.99;https://www.carrefour.com.br/bebedouro-abb-240-black-bivolt-amvox-preto-mp934126631/p
Caixa de Som Amvox ACA550 Strondoii Bluetooth 550W Bivolt;526.92;https://www.carrefour.com.br/caixa-de-som-amvox-aca550-strondoii-bluetooth-550w-bivolt-6664180/p
Caixa de Som Amvox ACA221 Gigante II Bluetooth Amplificada 220W;229.31;https://www.carrefour.com.br/caixa-de-som-amvox-aca221-gigante-ii-bluetooth-amplificada-220w-6666060/p
Caixa de Som Torre Amvox ACA 1900 New X SFM 1900W RMS Bluetooth 2 Woofers de 12 Polegadas;1368;https://www.carrefour.com.br/caixa-de-som-torre-amvox-aca-1900-new-x-sfm-1900w-rms-bluetooth-2-woofers-de-12-polegadas-6999344/p
Bebedouro De Água Electrolux Branco Com Compressor Bc21b - 220 Volts;720;https://www.carrefour.com.br/bebedouro-de-agua-electrolux-branco-com-compressor-bc21b-220-volts-mp934695157/p
Bebedouro Electrolux Água Gelada. Fria E Natural Com Compressor Cinza (bc01x) 127v;779;https://www.carrefour.com.br/bebedouro-electrolux-agua-gelada-fria-e-natural-com-compressor-cinza-bc01x-127v-mp936740376/p
Bebedouro Britânia Bbe11p Aquaplus Para 10l Ou 20l Bivolt Bivolt;360;https://www.carrefour.com.br/bebedouro-britania-bbe11p-aquaplus-para-10l-ou-20l-bivolt-bivolt-mp931777726/p
Caixa de Som Amvox ACA 1300W Bluetooth Amplificada 1300W RMS Bivolt;1099;https://www.carrefour.com.br/caixa-de-som-amvox-aca-1300w-bluetooth-amplificada-1300w-rms-bivolt-3121550/p
Bebedouro De Água 1.9 Litros Esmaltec EGM30 Branco 127V;549;https://www.carrefour.com.br/bebedouro-de-agua-19-litros-esmaltec-egm30-branco-127v-mp908133661/p
Bebedouro De Água Electrolux Branco Com Compressor Bc21b - 127 Volts;703;https://www.carrefour.com.br/bebedouro-de-agua-electrolux-branco-com-compressor-bc21b-127-volts-mp934700152/p
Forno Eletrico De Bancada 50l 127v Preto Suggar;629;https://www.carrefour.com.br/forno-eletrico-de-bancada-50l-127v-preto-suggar-mp934327699/p
Forno Eletrico De Bancada 50l 127v Preto Suggar Preto;747;https://www.carrefour.com.br/forno-eletrico-de-bancada-50l-127v-preto-suggar-preto-mp939794768/p
Forno Elétrico Embutir 50l 220v Suggar Cinza;1079.99;https://www.carrefour.com.br/forno-eletrico-embutir-50l-220v-suggar-cinza-mp934729667/p
Forno Elétrico Embutir 50l 127v Suggar Cinza;1079.99;https://www.carrefour.com.br/forno-eletrico-embutir-50l-127v-suggar-cinza-mp934729003/p
Forno Elétrico Suggar 50l Branco 110v Fe5011br;619;https://www.carrefour.com.br/forno-eletrico-suggar-50l-branco-110v-fe5011br-mp936307744/p
Forno Elétrico Suggar 50l Branco 110v Fe5011br;469;https://www.carrefour.com.br/forno-eletrico-suggar-50l-branco-110v-fe5011br-mp935107008/p
Forno Elétrico De Bancada 50l Suggar 127v Preto;519.99;https://www.carrefour.com.br/forno-eletrico-de-bancada-50l-suggar-127v-preto-mp935711185/p
Forno Elétrico 50l Suggar Fe5012pt Preto - 220v;576;https://www.carrefour.com.br/forno-eletrico-50l-suggar-fe5012pt-preto-220v-mp936460673/p
Forno Elétrico 50l Suggar Fe5011pt Preto - 110v;576;https://www.carrefour.com.br/forno-eletrico-50l-suggar-fe5011pt-preto-110v-mp935383050/p
Forno Elétrico de Bancada 50L Preto Suggar 110V;532.34;https://www.carrefour.com.br/forno-eletrico-de-bancada-50l-preto-suggar-110v-mp909210931/p
Forno Elétrico de Bancada 50L Preto Suggar 220V;532.34;https://www.carrefour.com.br/forno-eletrico-de-bancada-50l-preto-suggar-220v-mp909210994/p
Capa Para Forno Elétrico De Bancada 50 L Suggar;34.37;https://www.carrefour.com.br/capa-para-forno-eletrico-de-bancada-50-l-suggar-mp925358452/p
Capa Sob Medida Para Forno Elétrico Suggar De Bancada 50l;49.85;https://www.carrefour.com.br/capasobmedidaparafornoeletricosuggardebancada50l-mp923977003/p
empty;0;https://www.carrefour.com.br/busca/GDA%20LOPAS%20VELARIS%202P%20S/ESP%20E%20S/PES%20PVC%20
Climatizador De Ar Digital Cp04-d 110v Praxis;479.99;https://www.carrefour.com.br/climatizador-de-ar-digital-cp04d-110v-praxis-mp928920492/p
Climatizador De Ar Cp04-d 65w 4l De Capacidade Praxis;489;https://www.carrefour.com.br/climatizador-de-ar-cp04d-65w-4l-de-capacidade-praxis-mp932073191/p
Climatizador De Ar Digital Cp04-d 220v Praxis;479.99;https://www.carrefour.com.br/climatizador-de-ar-digital-cp04d-220v-praxis-mp928921528/p
Climatizador De Ar Portátil 4 Em 1 Painel Digital Duplo Filtro Com Timer 4 Litros Cp04-d Praxis;605.57;https://www.carrefour.com.br/climatizador-de-ar-portatil-4-em-1-painel-digital-duplo-filtro-com-timer-4-litros-cp04d-praxis-mp935937722/p
Climatizador De Ar Portátil 4 Em 1 Painel Digital Duplo Filtro Com Timer 4 Litros Cp04-d Praxis;605.57;https://www.carrefour.com.br/climatizador-de-ar-portatil-4-em-1-painel-digital-duplo-filtro-com-timer-4-litros-cp04d-praxis-mp935937909/p
Frigobar Black Edition Preto 124 Litros Midea Mrc12b1-b - 127v;1449;https://www.carrefour.com.br/frigobar-black-edition-preto-124-litros-midea-mrc12b1b-127v-mp932931583/p
Frigobar Branco 124 Litros Midea Mrc12b1 - 127v;1449;https://www.carrefour.com.br/frigobar-branco-124-litros-midea-mrc12b1-127v-mp932931627/p
Esteira Ergométrica Elétrica Dobrável Dream Fitness Concept 1.8 12km/h 3 Níveis 1 Programa Bivolt;2338.83;https://www.carrefour.com.br/esteira-ergometrica-eletrica-dobravel-dream-fitness-concept-18-12kmh-3-niveis-1-programa-bivolt-5291828/p
Colchão Solteiro De Espuma D20 Supreme Branco 78x188x12cm;198.89;https://www.carrefour.com.br/colchao-solteiro-de-espuma-d20-supreme-branco-78x188x12cm-mp924446860/p
Colchão Solteiro Espuma D20 88cmx188cm Supreme Gazin;199;https://www.carrefour.com.br/colchao-solteiro-espuma-d20-88cmx188cm-supreme-gazin-mp924844823/p
Colchão Casal Molas Ensacadas Pillow Top Maximus 138x188x28cm Gazin Cinza/branco - Suporta Até 120kg Por Pessoa;943.33;https://www.carrefour.com.br/colchao-casal-molas-ensacadas-pillow-top-maximus-138x188x28cm-gazin-cinzabranco-suporta-ate-120kg-p-mp935436151/p
Colchão Solteiro 88X188cm Espuma Confort Soft Liso Gazin Marrom;279;https://www.carrefour.com.br/colchao-solteiro-88x188cm-espuma-confort-soft-liso-gazin-marrom-mv15590608/p
Colchão Casal Queen Molas Ensacadas Pillow Top Maximus 158x198x28cm Cinza/branco Gazin - Suporta Até 120kg Por Pessoa;1110;https://www.carrefour.com.br/colchao-casal-queen-molas-ensacadas-pillow-top-maximus-158x198x28cm-cinzabranco-gazin-suporta-ate-1-mp935463564/p
Colchão Casal Espuma D45 Pillow Top Supreme Composto Gazin;649;https://www.carrefour.com.br/colchao-casal-espuma-d45-pillow-top-supreme-composto-gazin-mp28614337/p
Magnético Dream Max Residencial Elíptico Magnético Preto;1179;https://www.carrefour.com.br/magnetico-dream-max-residencial-eliptico-magnetico-preto-5691389/p
Cama Box Casal Colchão Molas Ensacadas Pillow Top Maximus 138x188x67cm Cinza / Preto Gazin - Suporta Até 120kg Por Pessoa;1110;https://www.carrefour.com.br/cama-box-casal-colchao-molas-ensacadas-pillow-top-maximus-138x188x67cm-cinza-preto-gazin-suporta-a-mp935464632/p
Colchão Solteiro Espuma Solid 88x188x28cm Marrom/branco Gazin - Suporta Até 150kg Por Pessoa;532.22;https://www.carrefour.com.br/colchao-solteiro-espuma-solid-88x188x28cm-marrombranco-gazin-suporta-ate-150kg-por-pessoa-mp935463907/p
Colchão De Molas Ensacadas Tower Gazin 1,58M Queen;1455;https://www.carrefour.com.br/colchao-de-molas-ensacadas-tower-gazin-158m-queen-mp19988830/p
Cama Box Baú Casal Colchão Molas Ensacadas Pillow Top Maximus 138x188x69cm Cinza/preto Gazin;1526.96;https://www.carrefour.com.br/cama-box-bau-casal-colchao-molas-ensacadas-pillow-top-maximus-138x188x69cm-cinzapreto-gazin-mp935263817/p
Cama Box King 193cm Molas Ensacadas Tower Hf V24 2cen Gazin;2387;https://www.carrefour.com.br/cama-box-king-193cm-molas-ensacadas-tower-hf-v24-2cen-gazin-mp936779907/p
Conjunto Box King 193cm Com Molas Tower Gazin;2779;https://www.carrefour.com.br/conjunto-box-king-193cm-com-molas-tower-gazin-mp928380243/p
Colchão Casal Queen Molas Ensacadas Pillow Top Maximus 158x198x28cm Cinza/branco Gazin - Suporta Até 120kg Por Pessoa Cinza / Branco;959.73;https://www.carrefour.com.br/colchao-casal-queen-molas-ensacadas-pillow-top-maximus-158x198x28cm-cinzabranco-gazin-suporta-ate-1-mp936041952/p
Fogao De Mesa 4 Bocas A Gas Realce Apolo Acendimento Manual Branco;273.48;https://www.carrefour.com.br/fogao-de-mesa-4-bocas-a-gas-realce-apolo-acendimento-manual-branco-mp937836279/p
Fogao 4b Realce Ares S/acend - 9601;1010.61;https://www.carrefour.com.br/fogao-4b-realce-ares-sacend-9601-mp921110336/p
Fogão De Piso 5 Bocas Ares Glass Realce;1049.99;https://www.carrefour.com.br/fogao-de-piso-5-bocas-ares-glass-realce-mp936103808/p
Fogão Ares Glass 4 Bocas Com Forno 50 Litros Realce;829;https://www.carrefour.com.br/fogao-ares-glass-4-bocas-com-forno-50-litros-realce-mp936689218/p
Fogão Ares Glass 5 Bocas Com Forno 94 Litros Realce;1019;https://www.carrefour.com.br/fogao-ares-glass-5-bocas-com-forno-94-litros-realce-mp936689214/p
Fogão Ares Glass 5 Bocas Com Forno 94 Litros Realce;1029;https://www.carrefour.com.br/fogao-ares-glass-5-bocas-com-forno-94-litros-realce-mp936689208/p
Fogão Ares Glass 4 Bocas Com Forno 50 Litros Realce;829;https://www.carrefour.com.br/fogao-ares-glass-4-bocas-com-forno-50-litros-realce-mp936689163/p
Fogão De Piso 4 Bocas Ares Glass Realce;829.99;https://www.carrefour.com.br/fogao-de-piso-4-bocas-ares-glass-realce-mp936104994/p
Fogão De Piso 4 Bocas Ares Glass Realce;829.99;https://www.carrefour.com.br/fogao-de-piso-4-bocas-ares-glass-realce-mp936103389/p
Fogão Ares Glass 5 Bocas Branco - Realce;1281;https://www.carrefour.com.br/fogao-ares-glass-5-bocas-branco-realce-mp935466070/p
Fogão Glass 4 Bocas Ares Branco / Bivolt Realce;1023;https://www.carrefour.com.br/fogao-glass-4-bocas-ares-branco-bivolt-realce-mp935415404/p
Fogão Glass 5 Bocas Ares Preto / Bivolt Realce;1281;https://www.carrefour.com.br/fogao-glass-5-bocas-ares-preto-bivolt-realce-mp935415170/p
Fogão Glass 4 Bocas Ares Preto / Bivolt Realce;1023;https://www.carrefour.com.br/fogao-glass-4-bocas-ares-preto-bivolt-realce-mp935413907/p
Fogão De Piso 5 Bocas Ares Glass Realce Branco;1111;https://www.carrefour.com.br/fogao-de-piso-5-bocas-ares-glass-realce-branco-mp936104694/p
Fogão 4 Bocas A Gás Realce Ares  Acendimento Manual Preto;597;https://www.carrefour.com.br/fogao-4-bocas-a-gas-realce-ares-acendimento-manual-preto-mp930870282/p
FOGAO DE EMBUTIR VENAX GAUDI PRISM  4 BOCAS A GAS INOX;856.71;https://www.carrefour.com.br/fogao-de-embutir-venax-gaudi-prism-4-bocas-a-gas-inox-mp929770214/p
Fogao Cooktop Itatiaia Essencial 5 Bocas;424;https://www.carrefour.com.br/fogao-cooktop-itatiaia-essencial-5-bocas-mp930390099/p
Fogao A Gas De Embutir 5 Bocas Venax Picasso Line Preto;1069;https://www.carrefour.com.br/fogao-a-gas-de-embutir-5-bocas-venax-picasso-line-preto-mp934478078/p
Fogao De Embutir 4 Bocas Venax Gaudi Prisma Vitreo Bl Grafite Gas Glp;879;https://www.carrefour.com.br/fogao-de-embutir-4-bocas-venax-gaudi-prisma-vitreo-bl-grafite-gas-glp-mp931423604/p
Fogao A Gas De Embutir 4 Bocas Venax Picasso Line Preto;863;https://www.carrefour.com.br/fogao-a-gas-de-embutir-4-bocas-venax-picasso-line-preto-mp934478069/p
Fogao Portatil 2 Bocas Venax Mini Cook Gas Glp Preto Fosco;527.31;https://www.carrefour.com.br/fogao-portatil-2-bocas-venax-mini-cook-gas-glp-preto-fosco-mp933254677/p
Fogao 5 Bocas Atlas Agile Up Glass Com Mesa De Vidro E Acendimento Automatico Preto Bivolt;1399;https://www.carrefour.com.br/fogao-5-bocas-atlas-agile-up-glass-com-mesa-de-vidro-e-acendimento-automatico-preto-bivolt-mp930970977/p
Fogao 4 Bocas Atlas Agile Up Glass Com Mesa De Vidro E Acendimento Automatico Preto Bivolt;969;https://www.carrefour.com.br/fogao-4-bocas-atlas-agile-up-glass-com-mesa-de-vidro-e-acendimento-automatico-preto-bivolt-mp930970868/p
FOGAO A GAS DE EMBUTIR 4 BOCAS VENAX GAUDI PRISMA VITREO BL BRANCO GAS GLP;1139;https://www.carrefour.com.br/fogao-a-gas-de-embutir-4-bocas-venax-gaudi-prisma-vitreo-bl-branco-gas-glp-mp928220255/p
Fogao Cooktop Itatiaia Essencial 5 Bocas;435;https://www.carrefour.com.br/fogao-cooktop-itatiaia-essencial-5-bocas-mp930933856/p
Fogao Cooktop Inducao 1b Agratto Acki01i-02 2000w Preto 220v;221;https://www.carrefour.com.br/fogao-cooktop-inducao-1b-agratto-acki01i02-2000w-preto-220v-mp935815947/p
Fogao A Gas De Embutir 4 Bocas Venax Gaudi Platinum Vitreo Inox 127v;1250;https://www.carrefour.com.br/fogao-a-gas-de-embutir-4-bocas-venax-gaudi-platinum-vitreo-inox-127v-mp934050799/p
Fogao A Gas De Embutir 4 Bocas Venax Gaudi Line Inox;1517;https://www.carrefour.com.br/fogao-a-gas-de-embutir-4-bocas-venax-gaudi-line-inox-mp936255571/p
Fogao A Gas De Embutir Gaudi Prisma Vitreo Bl 4q Branco Gas Glp;1093;https://www.carrefour.com.br/fogao-a-gas-de-embutir-gaudi-prisma-vitreo-bl-4q-branco-gas-glp-mp930064207/p
Fogao A Gas 2 Bocas Venax Mini Cook Preto;656;https://www.carrefour.com.br/fogao-a-gas-2-bocas-venax-mini-cook-preto-mp934050619/p
